100.0 23.6611
200.0 23.6262
300.0 23.6349
400.0 22.6884
500.0 21.9686
600.0 22.461
700.0 22.9287
800.0 23.4753
900.0 24.1707
1000.0 24.8688
1100.0 25.8272
1200.0 26.4644
1300.0 26.3372
1400.0 25.3673
1500.0 25.554
1600.0 25.9571
1700.0 26.2617
1800.0 26.3543
1900.0 26.6435
2000.0 27.0115
2100.0 27.0629
2200.0 27.2609
2300.0 27.5241
2400.0 27.7944
2500.0 27.5042
2600.0 26.9076
2700.0 26.3045
2800.0 25.8561
2900.0 25.7176
3000.0 25.055
3100.0 24.4078
3200.0 24.4562
3300.0 24.7503
3400.0 25.3124
3500.0 25.764
3600.0 25.8132
3700.0 26.1885
3800.0 26.0928
3900.0 26.0934
4000.0 25.745
4100.0 25.3788
4200.0 25.3797
4300.0 25.2069
4400.0 25.6113
4500.0 26.3433
4600.0 26.5317
4700.0 26.7305
4800.0 26.4959
4900.0 26.0343
5000.0 26.1474
5100.0 25.9033
5200.0 25.8774
5300.0 26.5906
5400.0 27.1392
5500.0 27.3775
5600.0 27.5421
5700.0 27.7947
5800.0 27.7185
5900.0 27.5039
6000.0 27.1197
6100.0 26.4679
6200.0 26.1255
6300.0 26.0482
6400.0 26.0562
6500.0 26.1707
6600.0 26.5603
6700.0 26.3848
6800.0 26.1307
6900.0 25.5192
7000.0 24.8997
7100.0 24.1929
7200.0 23.8429
7300.0 23.5099
7400.0 23.0239
7500.0 22.7527
7600.0 22.2048
7700.0 21.5986
7800.0 21.8628
7900.0 22.634
8000.0 23.2935
8100.0 23.5887
8200.0 23.6996
8300.0 23.6231
8400.0 23.6745
8500.0 23.5511
8600.0 24.0169
8700.0 24.9866
8800.0 25.5868
8900.0 25.861
9000.0 26.6083
9100.0 26.1691
9200.0 25.9288
9300.0 26.1419
9400.0 25.9504
9500.0 25.5941
9600.0 25.3372
9700.0 24.8321
9800.0 24.4956
9900.0 24.2043
10000.0 24.3561
10100.0 24.8598
10200.0 24.9507
10300.0 24.6364
10400.0 24.4494
10500.0 24.185
10600.0 23.0764
10700.0 22.1972
10800.0 22.3394
10900.0 22.6864
11000.0 22.8424
11100.0 23.0798
11200.0 23.841
11300.0 24.4301
11400.0 24.3204
11500.0 24.4413
11600.0 24.6239
11700.0 24.3892
11800.0 23.9202
11900.0 24.0457
12000.0 24.4919
12100.0 24.6592
12200.0 24.0373
12300.0 23.6869
12400.0 23.4535
12500.0 23.0438
12600.0 23.3022
12700.0 24.1795
12800.0 24.6607
12900.0 24.5857
13000.0 24.1146
13100.0 24.7692
13200.0 24.8917
13300.0 24.2174
13400.0 24.8788
13500.0 25.1405
13600.0 25.1564
13700.0 25.273
13800.0 25.6366
13900.0 25.3127
14000.0 24.7699
14100.0 24.3102
14200.0 23.9515
14300.0 23.6773
14400.0 23.5337
14500.0 23.4742
14600.0 23.1456
14700.0 22.6459
14800.0 22.0622
14900.0 22.0074
15000.0 22.0145
15100.0 22.1683
15200.0 22.1088
15300.0 20.9289
15400.0 19.7469
15500.0 19.6156
15600.0 19.6814
15700.0 19.1014
15800.0 18.6035
15900.0 17.9793
16000.0 17.4822
16100.0 17.0736
16200.0 17.2751
16300.0 17.7701
16400.0 17.9861
16500.0 17.8741
16600.0 17.3747
16700.0 16.9046
16800.0 16.4304
16900.0 15.6731
17000.0 15.2492
17100.0 15.233
17200.0 15.5487
17300.0 15.8184
17400.0 16.1279
17500.0 16.2495
17600.0 16.1707
17700.0 16.5024
17800.0 16.269
17900.0 16.4697
18000.0 16.6738
18100.0 16.9733
18200.0 17.2383
18300.0 17.0885
18400.0 16.605
18500.0 16.4353
18600.0 16.1884
18700.0 15.8837
18800.0 15.8565
18900.0 15.7833
19000.0 15.4537
19100.0 15.2599
19200.0 15.3104
19300.0 15.3074
19400.0 15.4919
19500.0 15.1025
19600.0 14.7358
19700.0 14.7109
19800.0 15.3062
19900.0 15.423
20000.0 15.5679
20100.0 15.8353
20200.0 16.3059
20300.0 16.386
20400.0 15.8022
20500.0 15.4428
20600.0 16.2243
20700.0 16.777
20800.0 16.3505
20900.0 15.4027
21000.0 14.3632
21100.0 13.6552
21200.0 12.8561
21300.0 12.2562
21400.0 11.621
21500.0 11.5769
21600.0 11.7168
21700.0 12.1287
21800.0 12.771
21900.0 12.7663
22000.0 12.7408
22100.0 12.9858
22200.0 13.269
22300.0 13.6222
22400.0 13.7717
22500.0 13.2219
22600.0 12.5853
22700.0 12.1587
22800.0 11.6081
22900.0 11.236
23000.0 11.3163
23100.0 11.6423
23200.0 11.9304
23300.0 12.0805
23400.0 12.0153
23500.0 12.5269
23600.0 13.1012
23700.0 13.3553
23800.0 13.5389
23900.0 13.9327
24000.0 14.4473
24100.0 14.7772
24200.0 15.2468
24300.0 15.8986
24400.0 17.0146
24500.0 17.8441
24600.0 17.94
24700.0 17.3271
24800.0 17.118
24900.0 17.1383
25000.0 16.8891
25100.0 16.656
25200.0 16.9453
25300.0 16.9584
25400.0 16.3154
25500.0 15.7184
25600.0 15.4685
25700.0 15.6867
25800.0 15.4069
25900.0 15.5457
26000.0 15.6759
26100.0 15.0326
26200.0 14.6135
26300.0 14.7436
26400.0 15.3088
26500.0 15.9312
26600.0 15.8043
26700.0 15.8448
26800.0 15.8088
26900.0 15.477
27000.0 15.2145
27100.0 15.2331
27200.0 15.1765
27300.0 15.2677
27400.0 14.284
27500.0 13.9434
27600.0 13.8987
27700.0 13.8049
27800.0 14.2168
27900.0 14.0614
28000.0 14.2334
28100.0 14.1404
28200.0 14.1832
28300.0 14.0853
28400.0 13.7002
28500.0 13.0134
28600.0 12.3228
28700.0 11.3318
28800.0 11.4292
28900.0 12.1914
29000.0 12.4263
29100.0 13.01
29200.0 13.785
29300.0 14.32
29400.0 14.0657
29500.0 13.7111
29600.0 13.8476
29700.0 13.8909
29800.0 13.5458
29900.0 13.3236
30000.0 13.5654
30100.0 13.1986
30200.0 12.1632
30300.0 11.3849
30400.0 10.9407
30500.0 10.924
30600.0 9.85885
30700.0 8.86947
30800.0 9.44289
30900.0 9.94843
31000.0 9.73219
31100.0 9.7141
31200.0 9.99806
31300.0 10.5842
31400.0 10.958
31500.0 11.7113
31600.0 12.6541
31700.0 13.2346
31800.0 14.138
31900.0 15.117
32000.0 15.8518
32100.0 16.1635
32200.0 16.1746
32300.0 17.0522
32400.0 18.3752
32500.0 19.4914
32600.0 20.1397
32700.0 20.9116
32800.0 21.7422
32900.0 22.2214
33000.0 22.7569
33100.0 23.4459
33200.0 24.0573
33300.0 24.6256
33400.0 25.5011
33500.0 26.3117
33600.0 26.9737
33700.0 27.9497
33800.0 29.0789
33900.0 30.1348
34000.0 30.7478
34100.0 31.2654
34200.0 32.2245
34300.0 32.7321
34400.0 32.545
34500.0 32.4312
34600.0 32.4214
34700.0 32.4184
34800.0 31.823
34900.0 32.0679
35000.0 31.9121
35100.0 32.1928
35200.0 32.6506
35300.0 32.6346
35400.0 32.4311
35500.0 32.2002
35600.0 32.2571
35700.0 32.6527
35800.0 32.6952
35900.0 32.382
36000.0 31.9154
36100.0 31.9223
36200.0 32.441
36300.0 32.6527
36400.0 32.2033
36500.0 32.0522
36600.0 31.8149
36700.0 32.2969
36800.0 32.0546
36900.0 32.4137
37000.0 32.8161
37100.0 33.0803
37200.0 32.9371
37300.0 32.7127
37400.0 32.8318
37500.0 32.9919
37600.0 33.1621
37700.0 33.4676
37800.0 33.5236
37900.0 33.5999
38000.0 33.8287
38100.0 33.728
38200.0 33.6801
38300.0 33.8901
38400.0 33.9085
38500.0 33.8852
38600.0 33.4433
38700.0 33.4138
38800.0 33.4774
38900.0 33.6719
39000.0 33.9865
39100.0 33.9397
39200.0 33.8929
39300.0 33.7707
39400.0 33.8697
39500.0 33.699
39600.0 33.5173
39700.0 33.6774
39800.0 33.6043
39900.0 33.7258
40000.0 33.6257
40100.0 33.4541
40200.0 33.8527
40300.0 33.7279
40400.0 33.7918
40500.0 33.8732
40600.0 33.6248
40700.0 33.2406
40800.0 33.289
40900.0 33.5048
41000.0 33.3095
41100.0 33.2272
41200.0 33.4787
41300.0 33.5623
41400.0 33.8049
41500.0 33.6806
41600.0 33.7896
41700.0 33.9608
41800.0 34.1615
41900.0 34.1102
42000.0 34.0475
42100.0 33.8708
42200.0 33.8338
42300.0 34.2142
42400.0 34.0587
42500.0 33.4624
42600.0 33.2894
42700.0 33.2406
42800.0 33.6034
42900.0 33.6111
43000.0 33.3227
43100.0 33.1503
43200.0 33.1229
43300.0 33.4993
43400.0 33.7927
43500.0 33.6001
43600.0 33.6263
43700.0 33.4727
43800.0 33.9271
43900.0 33.627
44000.0 33.7663
44100.0 33.934
44200.0 33.9837
44300.0 34.0484
44400.0 33.7771
44500.0 33.8835
44600.0 33.8889
44700.0 33.6054
44800.0 33.7753
44900.0 33.6048
45000.0 33.8083
45100.0 34.0184
45200.0 34.2912
45300.0 33.9532
45400.0 33.5337
45500.0 33.7699
45600.0 33.6583
45700.0 33.7542
45800.0 34.0751
45900.0 33.9157
46000.0 33.6828
46100.0 33.4961
46200.0 33.6008
46300.0 34.0761
46400.0 33.9301
46500.0 33.6416
46600.0 33.8041
46700.0 33.649
46800.0 33.5719
46900.0 33.0545
47000.0 32.3682
47100.0 32.434
47200.0 33.1736
47300.0 33.8195
47400.0 33.9969
47500.0 33.7411
47600.0 33.7005
47700.0 33.7735
47800.0 33.4509
47900.0 33.5849
48000.0 33.8061
48100.0 33.6091
48200.0 33.455
48300.0 33.4331
48400.0 33.9639
48500.0 34.2437
48600.0 33.9776
48700.0 33.6219
48800.0 33.7444
48900.0 33.8053
49000.0 33.7424
49100.0 33.8175
49200.0 34.0745
49300.0 34.0296
49400.0 33.9246
49500.0 33.4884
49600.0 33.4613
49700.0 33.5295
49800.0 33.5739
49900.0 33.5616
50000.0 33.9941
50100.0 34.2184
50200.0 33.9302
50300.0 33.6048
50400.0 33.5762
50500.0 33.797
50600.0 33.9067
50700.0 33.7735
50800.0 33.7347
50900.0 33.9327
51000.0 34.2909
51100.0 33.9445
51200.0 33.5984
51300.0 33.5716
51400.0 33.8332
51500.0 34.0514
51600.0 33.7955
51700.0 33.7358
51800.0 34.0537
51900.0 33.8328
52000.0 33.5207
52100.0 33.8493
52200.0 33.705
52300.0 33.5125
52400.0 32.9677
52500.0 33.0029
52600.0 33.2608
52700.0 33.7608
52800.0 34.1903
52900.0 33.8637
53000.0 33.7825
53100.0 33.9165
53200.0 34.0389
53300.0 34.0537
53400.0 34.1028
53500.0 33.9275
53600.0 33.7215
53700.0 33.5855
53800.0 33.4305
53900.0 33.7318
54000.0 33.922
54100.0 33.6042
54200.0 33.341
54300.0 33.0799
54400.0 32.9651
54500.0 33.2495
54600.0 33.6195
54700.0 33.755
54800.0 34.0245
54900.0 33.9136
55000.0 33.5926
55100.0 33.503
55200.0 33.5946
55300.0 33.5093
55400.0 33.1619
55500.0 33.3471
55600.0 33.5558
55700.0 34.0185
55800.0 34.0885
55900.0 33.9441
56000.0 33.3294
56100.0 33.355
56200.0 33.7307
56300.0 33.7511
56400.0 33.8466
56500.0 33.1518
56600.0 32.8412
56700.0 33.0892
56800.0 33.1499
56900.0 33.3312
57000.0 33.4466
57100.0 33.5597
57200.0 33.5195
57300.0 33.7445
57400.0 33.6365
57500.0 33.6336
57600.0 34.0955
57700.0 34.4427
57800.0 34.3854
57900.0 33.8198
58000.0 33.4615
58100.0 33.3006
58200.0 33.4926
58300.0 33.7091
58400.0 33.9979
58500.0 34.2054
58600.0 34.1256
58700.0 33.8929
58800.0 33.818
58900.0 33.9055
59000.0 34.1971
59100.0 34.1861
59200.0 33.6918
59300.0 33.2294
59400.0 33.1984
59500.0 33.8584
59600.0 34.1751
59700.0 33.8942
59800.0 33.5725
59900.0 33.8843
60000.0 34.3571
