# Time-averaged data for fix myat1
# TimeStep v_mytemp
100 300.331
200 300.766
300 295.746
400 296.977
500 299.378
600 303.664
700 299.588
800 298.114
900 295.038
1000 296.311
1100 295.54
1200 299.71
1300 299.808
1400 299.222
1500 302.905
1600 302.393
1700 296.337
1800 295.209
1900 295.827
2000 299.324
2100 300.768
2200 298.621
2300 298.533
2400 295.938
2500 295.85
2600 297.202
2700 301.962
2800 300.837
2900 297.414
3000 306.965
3100 306.06
3200 302.08
3300 297.746
3400 297.739
3500 303.092
3600 302.658
3700 304.813
3800 298.606
3900 296.979
4000 300.284
4100 302.458
4200 302.323
4300 301.623
4400 301.817
4500 291.263
4600 296.318
4700 299.793
4800 298.074
4900 298.208
5000 300.714
5100 300.957
5200 301.147
5300 294.575
5400 297.518
5500 306.767
5600 300.91
5700 302.61
5800 300.123
5900 295.867
6000 297.491
6100 301.875
6200 304.032
6300 304.001
6400 296.511
6500 292.739
6600 299.816
6700 300.939
6800 298.52
6900 301.165
7000 302.025
7100 302.567
7200 301.533
7300 294.178
7400 296.169
7500 304.309
7600 304.997
7700 300.272
7800 303.627
7900 298.49
8000 299.13
8100 301.225
8200 293.36
8300 297.039
8400 300.828
8500 302.994
8600 301.446
8700 297.497
8800 294.228
8900 297.022
9000 303.549
9100 305.59
9200 303.004
9300 300.926
9400 299.916
9500 301.489
9600 300.564
9700 297.559
9800 304.067
9900 301.174
10000 294.234
10100 294.32
10200 302.123
10300 300.503
10400 301.804
10500 291.545
10600 294.175
10700 297.482
10800 302.42
10900 299.471
11000 293.784
11100 303.963
11200 304.921
11300 300.601
11400 298.508
11500 298.998
11600 299.413
11700 305.161
11800 306.668
11900 300.69
12000 297.918
12100 299.593
12200 298.289
12300 304.426
12400 303.076
12500 300.696
12600 302.41
12700 302.351
12800 299.14
12900 293.901
13000 301.333
13100 299.896
13200 302.956
13300 298.425
13400 292.72
13500 299.4
13600 302.313
13700 307.093
13800 298.274
13900 298.25
14000 300.315
14100 302.901
14200 302.092
14300 307.873
14400 305.897
14500 296.787
14600 299.921
14700 299.346
14800 293.303
14900 299.454
15000 304.1
15100 302.52
15200 301.838
15300 299.441
15400 301.113
15500 296.736
15600 301.213
15700 306.926
15800 304.586
15900 297.701
16000 297.444
16100 301.624
16200 301.758
16300 302.146
16400 301.519
16500 301.429
16600 300.019
16700 294.094
16800 295.825
16900 303.898
17000 305.804
17100 301.856
17200 299.975
17300 302.952
17400 307.717
17500 306.299
17600 305.866
17700 300.46
17800 295.578
17900 298.306
18000 305.178
18100 305.568
18200 301.497
18300 299.16
18400 298.068
18500 298.289
18600 304.883
18700 303.991
18800 299.833
18900 297.586
19000 296.968
19100 299.211
19200 306.232
19300 299.544
19400 295.164
19500 291.667
19600 290.94
19700 297.814
19800 298.536
19900 302.605
20000 304.237
20100 301.068
20200 291.247
20300 296.691
20400 304.032
20500 303.985
20600 298.358
20700 298.429
20800 299.168
20900 299.779
21000 301.517
21100 297.972
21200 297.346
21300 297.359
21400 298.775
21500 304.463
21600 301.66
21700 300.437
21800 301.57
21900 300.446
22000 292.405
22100 293.696
22200 299.813
22300 299.769
22400 301.474
22500 303.09
22600 299.131
22700 294.683
22800 301.375
22900 302.783
23000 302.34
23100 299.091
23200 297.287
23300 298.359
23400 302.103
23500 301.852
23600 302.697
23700 302.237
23800 295.431
23900 295.775
24000 300.236
24100 305.252
24200 300.067
24300 294.493
24400 293.403
24500 301.319
24600 301.013
24700 298.366
24800 294.45
24900 299.35
25000 301.508
25100 301.166
25200 305.814
25300 299.283
25400 296.946
25500 300.024
25600 299.256
25700 299.526
25800 301.609
25900 301.215
26000 300.259
26100 300.209
26200 293.534
26300 299.918
26400 305.604
26500 298.659
26600 303.15
26700 301.009
26800 294.36
26900 299.289
27000 300.148
27100 301.046
27200 300.433
27300 297.979
27400 297.943
27500 298.198
27600 299.592
27700 301.975
27800 303.249
27900 298.837
28000 295.678
28100 300.494
28200 304.288
28300 301.163
28400 297.931
28500 298.253
28600 299.826
28700 312.196
28800 305.362
28900 298.112
29000 298.899
29100 302.003
29200 303.184
29300 306.062
29400 301.594
29500 296.584
29600 295.452
29700 296.309
29800 301.964
29900 301.727
30000 300.133
30100 300.56
30200 296.461
30300 296.409
30400 302.345
30500 300.175
30600 296.272
30700 295.469
30800 300.548
30900 302.612
31000 302.711
31100 301.568
31200 298.208
31300 297.281
31400 298.67
31500 295.085
31600 297.586
31700 303.539
31800 300.82
31900 298.522
32000 292.276
32100 295.42
32200 298.83
32300 295.075
32400 305.646
32500 303.164
32600 301.055
32700 301.413
32800 301.173
32900 295.788
33000 303.717
33100 307.217
33200 297.963
33300 302.042
33400 296.787
33500 297.008
33600 296.483
33700 299.942
33800 303.342
33900 303.443
34000 295.632
34100 298.109
34200 304.703
34300 305.427
34400 304.046
34500 299.976
34600 300.11
34700 297.639
34800 302.213
34900 308.253
35000 306.127
35100 298.973
35200 298.399
35300 298.499
35400 296.87
35500 294.748
35600 297.069
35700 302.885
35800 303.931
35900 294.18
36000 297.954
36100 302.112
36200 299.772
36300 303.741
36400 299.01
36500 293.019
36600 298.368
36700 303.503
36800 296.867
36900 302.241
37000 306.899
37100 304.451
37200 304.402
37300 304.062
37400 297.785
37500 296.63
37600 299.714
37700 307.791
37800 306.022
37900 299.673
38000 301.903
38100 299.966
38200 292.024
38300 292.15
38400 296.491
38500 301.066
38600 299.291
38700 297.773
38800 296.659
38900 294.495
39000 295.786
39100 298.691
39200 299.496
39300 300.364
39400 302.905
39500 309.952
39600 305.787
39700 295.72
39800 298.484
39900 301.787
40000 302.451
40100 301.314
40200 292.94
40300 296.389
40400 301.363
40500 297.927
40600 299.105
40700 302.158
40800 298.007
40900 298.479
41000 303.437
41100 309.838
41200 301.872
41300 298.769
41400 298.325
41500 297.192
41600 305.391
41700 300.775
41800 304.69
41900 301.83
42000 299.22
42100 298.759
42200 299.061
42300 303.222
42400 300.708
42500 294.504
42600 291.079
42700 302.119
42800 304.053
42900 296.698
43000 297.851
43100 297.31
43200 303.046
43300 303.851
43400 303.051
43500 296.538
43600 297.207
43700 302.968
43800 302.997
43900 302.243
44000 303.652
44100 299.281
44200 293.295
44300 299.465
44400 305.36
44500 301.278
44600 296.662
44700 298.073
44800 301.553
44900 308.301
45000 301.555
45100 299.621
45200 295.453
45300 299.545
45400 301.564
45500 298.084
45600 300.123
45700 302.493
45800 296.012
45900 296.617
46000 304.588
46100 301.832
46200 296.738
46300 295.902
46400 294.517
46500 297.405
46600 297.627
46700 297.31
46800 302.451
46900 302.812
47000 300.103
47100 295.886
47200 299.91
47300 305.669
47400 304.095
47500 302.265
47600 301.9
47700 296.501
47800 298.144
47900 304.225
48000 303.321
48100 308.436
48200 303.884
48300 297.563
48400 298.342
48500 302.995
48600 307.122
48700 294.384
48800 294.801
48900 298.595
49000 303.631
49100 301.602
49200 300.48
49300 298.403
49400 299.544
49500 298.406
49600 298.691
49700 293.054
49800 294.942
49900 301.418
50000 300.138
50100 298.421
50200 302.352
50300 297.438
50400 298.028
50500 300.53
50600 301.222
50700 300.517
50800 298.708
50900 302.102
51000 304.125
51100 310.708
51200 306.337
51300 300.556
51400 296.657
51500 298.716
51600 304.734
51700 304.842
51800 301.886
51900 297.353
52000 301.039
52100 304.02
52200 306.068
52300 300.944
52400 295.795
52500 295.804
52600 295.442
52700 297.615
52800 300.119
52900 300.325
53000 303.416
53100 303.712
53200 304.942
53300 297.972
53400 300.208
53500 301.453
53600 300.593
53700 303.922
53800 301.261
53900 294.423
54000 293.992
54100 296.604
54200 300.103
54300 301.016
54400 301.708
54500 294.784
54600 296.996
54700 297.515
54800 298.49
54900 300.38
55000 300.587
55100 305.552
55200 299.896
55300 292.747
55400 297.023
55500 301.891
55600 299.488
55700 299.471
55800 297.098
55900 296.018
56000 298.567
56100 303.805
56200 305.241
56300 297.395
56400 294.856
56500 299.025
56600 303.323
56700 303.194
56800 294.32
56900 298.396
57000 300.41
57100 300.452
57200 296.902
57300 299.262
57400 306.55
57500 298.988
57600 297.629
57700 298.797
57800 296.258
57900 305.91
58000 305.276
58100 298.054
58200 298.752
58300 300.804
58400 297.963
58500 301.159
58600 300.877
58700 297.98
58800 296.202
58900 300.227
59000 303.465
59100 300.596
59200 300.994
59300 295.443
59400 294.845
59500 299.686
59600 300.436
59700 300.196
59800 291.872
59900 293.693
60000 296.553
