# Time-averaged data for fix myat1
# TimeStep v_kinetic_energy v_potential_energy v_pressure
220 0.585338 -1.74322 0.451672
230 0.716818 -1.53405 1.28121
240 0.816977 -1.42428 1.65508
250 0.868422 -1.36345 1.73626
260 0.962813 -1.33029 1.73598
270 0.96415 -1.27442 1.78505
280 1.00128 -1.25058 1.74634
290 0.984672 -1.23071 1.72497
300 0.979158 -1.21279 1.70517
310 0.959322 -1.21068 1.59516
320 0.95851 -1.20116 1.54823
330 0.969348 -1.16724 1.62694
340 0.978276 -1.15726 1.60481
350 0.966465 -1.15548 1.52977
360 0.984817 -1.15929 1.45548
370 1.00712 -1.15365 1.43502
380 1.02008 -1.14184 1.45417
390 1.02386 -1.13738 1.43223
400 0.995117 -1.11425 1.4548
410 1.02919 -1.10137 1.49605
420 1.04086 -1.1037 1.43795
430 1.03729 -1.11375 1.3364
440 1.04055 -1.11502 1.30899
450 1.0133 -1.10382 1.30546
460 0.979533 -1.11515 1.23226
470 0.960228 -1.11335 1.23834
480 0.955646 -1.0991 1.29126
490 0.968337 -1.10532 1.23714
500 0.97409 -1.08999 1.29452
510 0.983651 -1.08699 1.29225
520 1.01507 -1.09607 1.25816
530 1.00799 -1.09236 1.24135
540 1.00223 -1.07757 1.27166
550 1.01334 -1.06901 1.30085
560 1.00219 -1.06317 1.30848
570 0.985451 -1.04023 1.36863
580 1.013 -1.06481 1.27012
590 0.993601 -1.07657 1.20133
600 0.990389 -1.08596 1.15456
610 1.01717 -1.0798 1.1771
620 0.998103 -1.07326 1.18668
630 1.01746 -1.07209 1.17058
640 0.993863 -1.05177 1.21318
650 1.00566 -1.05643 1.20829
660 1.0106 -1.05369 1.21699
670 0.980286 -1.0434 1.22285
680 0.981029 -1.04904 1.17905
690 0.957044 -1.06348 1.07764
700 0.989852 -1.04813 1.14152
710 1.00203 -1.02708 1.21866
720 1.00371 -1.0305 1.2104
730 1.00103 -1.05558 1.11022
740 1.00804 -1.06106 1.1105
750 0.957531 -1.03325 1.18557
760 0.9745 -1.04668 1.13062
770 1.00163 -1.04491 1.14221
780 0.993896 -1.01929 1.23626
790 1.02225 -1.04689 1.11705
800 0.99191 -1.05447 1.0557
810 1.01176 -1.05616 1.04474
820 0.979192 -1.03554 1.09198
830 0.971607 -1.05171 1.02259
840 0.983887 -1.04764 1.06262
850 0.999534 -1.03856 1.10089
860 0.975161 -1.02287 1.13314
870 0.990989 -1.0296 1.14022
880 0.999038 -1.05246 1.04897
890 1.01636 -1.0491 1.05795
900 1.0338 -1.04098 1.08329
910 1.01955 -1.04495 1.05396
920 0.994335 -1.03567 1.07137
930 0.9826 -1.03612 1.08088
940 1.01411 -1.03707 1.10356
950 0.986783 -1.03677 1.08948
960 1.00007 -1.0489 1.06983
970 0.97935 -1.04511 1.07093
980 0.965789 -1.05531 1.01758
990 0.961286 -1.05167 1.02227
1000 0.992059 -1.03538 1.0855
1010 0.991752 -1.04185 1.08136
1020 1.00355 -1.02473 1.15484
1030 1.02723 -1.03453 1.10301
1040 1.01085 -1.02696 1.12391
1050 1.01909 -1.03558 1.10799
1060 1.01387 -1.02311 1.15473
1070 0.995826 -1.0167 1.1483
1080 0.976461 -1.01669 1.12151
1090 1.00958 -1.01958 1.08312
1100 1.0247 -1.02049 1.0586
1110 0.999386 -1.01334 1.0571
1120 1.00434 -1.01264 1.0505
1130 1.0114 -1.01911 1.0036
1140 1.01322 -1.01413 1.01133
1150 0.990323 -1.0216 0.986185
1160 0.976006 -1.01114 1.01431
1170 0.994849 -1.01712 0.99975
1180 0.971007 -1.02896 0.955703
1190 0.961343 -1.02848 0.950722
1200 0.957599 -1.01899 0.974497
1210 0.977282 -0.988742 1.09473
1220 0.995078 -0.991069 1.09968
1230 0.986307 -1.00681 1.03204
1240 0.981349 -1.01301 0.988029
1250 0.972758 -1.00162 1.04625
1260 0.968779 -1.01168 1.01328
1270 0.975315 -1.01637 0.997086
1280 1.03466 -1.02355 0.982194
1290 1.02026 -1.02671 0.964377
1300 0.986667 -1.00921 1.01759
1310 1.01333 -1.00862 1.02035
1320 1.01081 -0.988103 1.08049
1330 0.990058 -0.994854 1.04052
1340 0.980789 -1.00814 0.998664
1350 1.00516 -1.00339 1.03104
1360 0.987001 -0.996332 1.03827
1370 0.999023 -1.01397 0.951407
1380 1.00703 -1.02312 0.921965
1390 0.975131 -0.999329 1.00613
1400 0.999618 -0.993561 1.02569
1410 1.00333 -1.00469 0.984535
1420 1.00429 -1.02048 0.901675
1430 0.990508 -1.0356 0.817401
1440 1.0001 -1.02492 0.868082
1450 1.00828 -1.01936 0.923673
1460 1.02194 -1.00579 0.986566
1470 1.02324 -1.00527 0.988482
1480 0.998282 -0.995987 1.01922
1490 0.998851 -0.994736 0.995331
1500 1.00905 -0.993193 0.993435
1510 0.969418 -0.985247 1.00186
1520 0.976011 -0.993663 0.991438
1530 0.963054 -0.991934 0.975504
1540 1.01275 -1.01408 0.920744
1550 0.996089 -1.00005 0.977312
1560 0.990285 -1.0056 0.978483
1570 0.997573 -1.00268 1.01194
1580 0.979821 -1.00743 0.981842
1590 0.992011 -1.00694 0.989885
1600 0.982268 -1.00347 0.997881
1610 0.995842 -1.00008 1.00145
1620 1.00607 -0.985785 1.05208
1630 1.00083 -0.990577 1.02179
1640 0.988576 -1.00676 0.951297
1650 0.990426 -1.01109 0.925576
1660 1.00232 -1.00898 0.917614
1670 1.03431 -1.01589 0.917712
1680 0.989983 -0.990559 0.990013
1690 0.964352 -0.976181 1.04581
1700 0.985542 -0.983514 1.04256
1710 1.01799 -1.01165 0.949461
1720 1.01833 -1.01755 0.92094
1730 1.00313 -1.00457 0.949413
1740 1.008 -0.997837 0.95634
1750 1.01261 -0.99849 0.959745
1760 0.996705 -0.98661 0.99574
1770 1.00101 -0.987656 0.998351
1780 0.975552 -1.01077 0.908092
1790 0.976381 -1.01087 0.89195
1800 0.962135 -1.01568 0.874422
1810 0.958117 -1.00668 0.934094
1820 1.01621 -1.00188 0.975717
1830 0.988118 -0.986269 1.03658
1840 0.975449 -0.998764 0.95494
1850 1.00355 -1.00092 0.945958
1860 1.0158 -0.993387 0.979829
1870 1.04888 -0.980268 1.05032
1880 1.01565 -0.98322 1.05131
1890 1.01068 -0.97424 1.06593
1900 1.00719 -0.971078 1.06403
1910 1.01938 -0.984366 1.03853
1920 0.983151 -0.978476 1.05016
1930 1.01681 -0.977177 1.05455
1940 1.0341 -0.990698 0.993728
1950 1.00468 -0.982411 1.00387
1960 0.97744 -0.97211 1.00531
1970 0.979673 -0.986985 0.932561
1980 0.926453 -0.99212 0.862606
1990 0.935996 -1.00035 0.828054
2000 0.934874 -1.0012 0.849686
2010 0.945457 -1.01237 0.814457
2020 0.964387 -1.00697 0.828785
2030 0.970937 -0.992717 0.892843
2040 0.97092 -0.983558 0.944081
2050 0.952513 -0.98794 0.932459
2060 0.973659 -0.983683 0.967277
2070 0.962462 -0.978027 0.971788
2080 0.971787 -0.972939 0.980262
2090 0.991578 -0.973792 0.968384
2100 0.990378 -0.973928 0.936228
2110 1.00372 -0.973837 0.925501
2120 1.01409 -0.976541 0.911688
2130 1.03456 -0.972951 0.957827
2140 1.01388 -0.980027 0.916294
2150 1.00079 -0.98134 0.893799
2160 1.00899 -0.983937 0.894128
2170 0.98372 -0.971356 0.941268
2180 0.990265 -0.99142 0.887069
2190 0.956062 -0.996027 0.842508
2200 0.968047 -0.988122 0.913517
2210 0.994795 -0.979984 0.963913
2220 1.00509 -0.971313 0.984101
2230 1.02727 -0.973879 0.999856
2240 1.03459 -0.959735 1.05832
2250 1.0279 -0.962545 1.0453
2260 1.01076 -0.948676 1.11427
2270 1.02657 -0.95728 1.0838
2280 1.01143 -0.971644 1.02892
2290 0.98897 -0.967785 1.03962
2300 0.975268 -0.959676 1.06603
2310 1.00601 -0.980627 0.99273
2320 1.01539 -0.993182 0.926883
2330 1.00114 -0.989062 0.911761
2340 1.00898 -1.00151 0.877527
2350 0.998617 -0.972372 0.992765
2360 1.00761 -0.978532 0.990289
2370 1.0266 -0.97557 1.02875
2380 1.01672 -0.962917 1.04327
2390 1.03535 -0.966828 1.04155
2400 1.04568 -0.981304 0.9821
2410 1.01538 -0.979597 0.937304
2420 1.03909 -0.992813 0.862492
2430 1.00512 -0.976959 0.898436
2440 0.988006 -0.995709 0.81857
2450 0.988737 -0.994656 0.822765
2460 0.995771 -0.97893 0.861744
2470 1.00337 -0.966364 0.914902
2480 0.971876 -0.970332 0.907914
2490 0.973003 -0.985988 0.865131
2500 0.994797 -0.987505 0.868024
2510 1.01224 -0.975511 0.932605
2520 1.03622 -0.980419 0.926993
2530 1.03807 -0.978862 0.929478
2540 1.01881 -0.968038 0.957438
2550 1.03109 -0.962913 0.989276
2560 1.00401 -0.968923 0.980593
2570 1.0063 -0.974606 0.976877
2580 1.00373 -0.979975 0.969211
2590 0.997384 -0.995379 0.919076
2600 0.974478 -0.971952 0.984142
2610 0.990728 -0.964242 1.02188
2620 0.993398 -0.961141 1.01173
2630 1.00907 -0.975356 0.951353
2640 1.02927 -0.963094 1.01413
2650 1.03394 -0.973725 0.97981
2660 1.02769 -0.975654 0.933214
2670 0.99169 -0.979635 0.900158
2680 0.982878 -0.95738 0.965782
2690 0.968036 -0.969655 0.919078
2700 0.978775 -0.968361 0.913766
2710 0.977739 -0.968504 0.918375
2720 0.968025 -0.967331 0.9422
2730 1.00134 -0.967052 0.984582
2740 1.01394 -0.96131 1.01263
2750 1.03117 -0.955036 1.02008
2760 1.01816 -0.974924 0.919891
2770 1.00349 -0.980779 0.903891
2780 0.994248 -0.969195 0.960959
2790 1.0341 -0.960529 1.00837
2800 1.016 -0.963972 0.970545
2810 1.02056 -0.974022 0.942268
2820 0.98131 -0.977339 0.890895
2830 1.00617 -0.967508 0.904772
2840 1.004 -0.953143 0.964478
2850 1.00632 -0.960448 0.957836
2860 1.00741 -0.960265 0.938088
2870 0.995178 -0.950841 0.965776
2880 1.01828 -0.944121 0.992552
2890 1.01652 -0.947719 0.990057
2900 1.00687 -0.958845 0.925519
2910 1.0165 -0.956822 0.932757
2920 1.03967 -0.960694 0.947578
2930 1.02121 -0.948854 0.984557
2940 0.978638 -0.944628 0.985467
2950 0.975605 -0.938414 1.00721
2960 1.00868 -0.955676 0.955485
2970 1.04208 -0.965942 0.924114
2980 1.00207 -0.948202 0.971894
2990 0.979549 -0.944186 0.972091
3000 1.00402 -0.960799 0.917036
3010 1.02271 -0.956102 0.949565
3020 1.01731 -0.948444 0.994849
3030 1.02904 -0.938871 1.04208
3040 1.00236 -0.936819 1.02351
3050 1.01783 -0.941182 1.00971
3060 1.01621 -0.954653 0.956636
3070 1.03141 -0.965325 0.918997
3080 1.0022 -0.956538 0.943089
3090 1.04386 -0.976928 0.90623
3100 1.04161 -0.974578 0.924794
3110 1.01454 -0.981769 0.885607
3120 0.999027 -0.975774 0.891077
3130 1.00855 -0.964863 0.940327
3140 1.02049 -0.964728 0.920646
3150 0.968764 -0.963448 0.898085
3160 0.996831 -0.973632 0.869519
3170 0.98052 -0.965312 0.891107
3180 0.982203 -0.954221 0.935144
3190 0.992104 -0.967188 0.891408
3200 1.00076 -0.98141 0.862236
3210 0.987192 -0.973821 0.884995
3220 0.97469 -0.955205 0.928305
3230 0.968113 -0.949737 0.932303
3240 0.988309 -0.953883 0.929062
3250 0.973971 -0.964055 0.892247
3260 0.986174 -0.962345 0.941343
3270 1.00148 -0.948676 1.00994
3280 1.03373 -0.978394 0.930234
3290 1.01629 -0.977423 0.907356
3300 0.992782 -0.965233 0.947541
3310 0.990428 -0.980641 0.890171
3320 0.982476 -0.979044 0.89367
3330 1.00075 -0.979414 0.892326
3340 1.02493 -0.993262 0.853102
3350 1.03241 -1.00079 0.84257
3360 1.0365 -0.976607 0.939441
3370 1.01915 -0.961891 0.996901
3380 1.02796 -0.972265 0.96789
3390 0.992417 -0.971889 0.93227
3400 0.97171 -0.986425 0.876748
3410 0.994045 -0.967859 0.981683
3420 1.00366 -0.967185 0.992197
3430 1.01631 -0.965739 0.967892
3440 1.03203 -0.984897 0.886439
3450 1.00213 -0.996546 0.816769
3460 1.02942 -0.974413 0.918043
3470 1.02776 -0.952583 1.00492
3480 1.01775 -0.969139 0.918428
3490 1.00431 -0.973491 0.8877
3500 0.975635 -0.969772 0.874863
3510 0.986014 -0.947992 0.955219
3520 0.991283 -0.961655 0.887379
3530 1.0008 -0.969693 0.855068
3540 0.976006 -0.965275 0.872914
3550 0.964451 -0.97515 0.840874
3560 1.00057 -0.980429 0.83978
3570 1.00338 -0.988931 0.827724
3580 1.0063 -0.979768 0.86387
3590 1.01708 -0.977651 0.865977
3600 1.03442 -0.966852 0.881617
3610 1.029 -0.965595 0.881341
3620 1.01422 -0.957325 0.914703
3630 1.02291 -0.969547 0.864226
3640 1.03019 -0.968061 0.870504
3650 1.00565 -0.965193 0.884381
3660 1.00185 -0.973332 0.875284
3670 0.975407 -0.974489 0.858434
3680 0.996635 -0.965496 0.887779
3690 1.01022 -0.965923 0.886011
3700 1.01943 -0.97109 0.876091
3710 1.00207 -0.96794 0.89474
3720 0.989499 -0.970369 0.892425
3730 1.01562 -0.976767 0.893752
3740 0.998757 -0.965077 0.940912
3750 0.999374 -0.972249 0.923938
3760 1.02391 -0.984819 0.907249
3770 1.0244 -0.971694 0.981384
3780 0.998916 -0.951734 1.04929
3790 0.996619 -0.96426 1.00863
3800 0.997952 -0.976522 0.955498
3810 1.00708 -0.984646 0.905392
3820 0.995038 -0.979357 0.891372
3830 1.03273 -0.964522 0.956119
3840 1.01546 -0.954376 0.984777
3850 1.02294 -0.97714 0.896764
3860 0.984401 -0.977004 0.883359
3870 1.01298 -0.988919 0.849819
3880 0.993017 -0.98085 0.873639
3890 1.01063 -0.976462 0.914887
3900 1.00265 -0.982001 0.897837
3910 1.01441 -0.990812 0.872752
3920 1.01412 -0.975079 0.94678
3930 1.02192 -0.9614 0.994641
3940 0.980204 -0.959653 0.980885
3950 0.99579 -0.976038 0.938524
3960 0.986658 -0.98767 0.874649
3970 0.983438 -0.978549 0.937591
3980 0.991338 -0.960749 1.00837
3990 1.02089 -0.957482 1.03108
4000 1.00918 -0.955311 1.01397
4010 1.00089 -0.953376 0.987519
4020 1.01027 -0.967708 0.860489
4030 0.989846 -0.984051 0.799542
4040 0.988368 -0.983414 0.808242
4050 1.01269 -0.976821 0.873244
4060 1.00331 -0.970834 0.935823
4070 1.00794 -0.973159 0.954078
4080 0.984067 -0.967504 0.955319
4090 1.00026 -0.978137 0.909723
4100 1.02586 -0.962739 0.953618
4110 0.999245 -0.958503 0.968733
4120 0.98578 -0.97676 0.920781
4130 1.00063 -0.972757 0.934573
4140 0.980407 -0.968552 0.917058
4150 0.98826 -0.979791 0.877756
4160 0.971464 -0.979374 0.867362
4170 1.01009 -0.979789 0.893502
4180 0.984855 -0.963615 0.972216
4190 1.02768 -0.975249 0.938147
4200 1.03897 -0.98094 0.949196
4210 1.0149 -0.969452 0.975388
4220 1.02935 -0.958901 1.01282
4230 1.03763 -0.960039 1.03078
4240 1.03135 -0.971846 0.979205
4250 1.01846 -0.970074 0.954801
4260 1.00234 -0.96822 0.960576
4270 1.00857 -0.964719 0.975292
4280 0.979309 -0.962298 0.964703
4290 0.985431 -0.958615 0.962558
4300 1.0094 -0.959854 0.972107
4310 0.983463 -0.968348 0.926686
4320 0.990162 -0.978485 0.860448
4330 0.987678 -0.974197 0.868005
4340 0.987287 -0.973591 0.90075
4350 0.988844 -0.983149 0.853677
4360 0.996078 -0.985596 0.836794
4370 0.984639 -0.960851 0.931012
4380 0.994857 -0.973856 0.91817
4390 1.00693 -0.978407 0.913519
4400 1.02483 -0.974225 0.945685
4410 0.975984 -0.966403 0.979623
4420 1.01266 -0.973486 0.949655
4430 0.983845 -0.980412 0.860313
4440 1.01464 -0.989787 0.814935
4450 1.00318 -0.980756 0.837431
4460 1.01111 -0.981161 0.859297
4470 0.993442 -0.956409 0.972994
4480 0.976741 -0.959162 0.948045
4490 0.959286 -0.965162 0.917421
4500 0.973515 -0.97 0.903284
4510 0.968846 -0.9733 0.879552
4520 0.968951 -0.970929 0.91225
4530 1.00624 -0.976956 0.930469
4540 1.01197 -0.971443 0.930456
4550 1.00118 -0.978989 0.905108
4560 1.02086 -0.964493 0.962758
4570 1.02772 -0.945714 1.05232
4580 1.00339 -0.954262 0.990125
4590 0.991022 -0.951563 0.980625
4600 1.02369 -0.949761 0.975925
4610 1.04297 -0.948384 0.977952
4620 1.03311 -0.937452 1.01537
4630 1.04995 -0.950129 0.972416
4640 1.02803 -0.958936 0.940786
4650 0.976314 -0.955311 0.925798
4660 0.960326 -0.951394 0.922577
4670 0.990629 -0.963642 0.88519
4680 0.965594 -0.956407 0.893848
4690 1.00295 -0.957999 0.887224
4700 1.01346 -0.953036 0.893999
4710 1.03616 -0.953193 0.903056
4720 1.03956 -0.955974 0.911036
4730 0.999766 -0.968608 0.850916
4740 0.96664 -0.970441 0.8446
4750 0.950113 -0.949306 0.914195
4760 1.00241 -0.956621 0.915953
4770 0.995846 -0.95462 0.898661
4780 1.01135 -0.96405 0.866831
4790 0.986769 -0.971563 0.862181
4800 1.02318 -0.97182 0.876773
4810 1.00565 -0.96055 0.914387
4820 1.02038 -0.960643 0.929667
4830 1.04616 -0.957159 0.961221
4840 1.00122 -0.948126 0.973164
4850 1.02869 -0.969596 0.905206
4860 0.989659 -0.971829 0.88396
4870 1.00769 -0.975689 0.897659
4880 0.961304 -0.966848 0.924567
4890 0.969952 -0.961252 0.934891
4900 1.01913 -0.961186 0.953677
4910 0.999344 -0.957619 0.964694
4920 0.989796 -0.958493 0.933247
4930 0.987786 -0.96832 0.892882
4940 1.03412 -0.958038 0.942742
4950 1.03434 -0.975371 0.870377
4960 1.0055 -0.985419 0.809319
4970 1.00908 -0.961162 0.911142
4980 1.00869 -0.951267 0.953407
4990 1.01685 -0.954109 0.947767
5000 1.00852 -0.96015 0.906731
5010 0.99303 -0.96066 0.921772
5020 1.01747 -0.959865 0.936542
5030 1.02342 -0.96227 0.92973
5040 1.00081 -0.971424 0.902439
5050 0.976563 -0.972089 0.906036
5060 1.00157 -0.966332 0.936323
5070 0.993291 -0.96654 0.912586
5080 0.998254 -0.956559 0.929856
5090 1.02482 -0.971575 0.872597
5100 1.01322 -0.971776 0.841466
5110 0.995603 -0.980628 0.779527
5120 1.00636 -0.972312 0.816248
5130 1.02635 -0.967242 0.860203
5140 1.02417 -0.98936 0.821994
5150 1.02302 -0.981744 0.91248
5160 1.00741 -0.974897 0.976325
5170 1.01014 -0.969844 0.964298
5180 1.0121 -0.980471 0.906846
5190 1.02937 -0.967 0.943135
5200 1.05912 -0.969773 0.937638
5210 1.04422 -0.961041 0.959599
5220 1.02767 -0.958631 0.980275
5230 1.0237 -0.969134 0.918398
5240 1.00795 -0.982255 0.86114
5250 0.995662 -0.982604 0.842977
5260 0.990187 -0.979301 0.82542
5270 0.972772 -0.975977 0.820128
5280 1.01717 -0.980203 0.822534
5290 1.00445 -0.969615 0.847694
5300 0.990702 -0.977046 0.828339
5310 1.01467 -0.970753 0.852982
5320 1.01165 -0.955117 0.91128
5330 1.01481 -0.946379 0.951821
5340 1.0169 -0.955312 0.910267
5350 1.01467 -0.963115 0.879019
5360 0.987196 -0.947548 0.931993
5370 0.97531 -0.956231 0.890821
5380 0.990835 -0.971353 0.844068
5390 0.999284 -0.956202 0.912503
5400 1.02315 -0.968256 0.869199
5410 0.998282 -0.956745 0.910412
5420 0.979172 -0.954213 0.940161
5430 0.98365 -0.980831 0.837035
5440 0.996413 -0.970628 0.84701
5450 0.992488 -0.967079 0.866188
5460 1.0332 -0.966239 0.892713
5470 0.985713 -0.963139 0.885196
5480 1.00225 -0.974766 0.849406
5490 0.976598 -0.970973 0.836983
5500 0.997296 -0.96358 0.883152
5510 1.02979 -0.979952 0.827458
5520 1.01848 -0.980699 0.80104
5530 0.973308 -0.962409 0.874212
5540 1.00424 -0.953612 0.930725
5550 1.02008 -0.975307 0.854791
5560 1.00429 -0.967322 0.885835
5570 1.02909 -0.948896 0.974347
5580 1.00985 -0.960314 0.911982
5590 0.994187 -0.967294 0.855362
5600 1.03936 -0.969414 0.870016
5610 1.00353 -0.958483 0.932022
5620 0.986505 -0.962569 0.946156
5630 0.97235 -0.96545 0.952336
5640 1.01116 -0.972806 0.944528
5650 1.01112 -0.984061 0.894146
5660 1.01391 -0.981911 0.897297
5670 1.0225 -0.965369 0.973655
5680 0.989951 -0.954679 1.00731
5690 0.996217 -0.97895 0.915974
5700 0.982237 -0.980714 0.885528
5710 0.986289 -0.977495 0.880633
5720 0.995374 -0.965766 0.903975
5730 0.986293 -0.970958 0.890056
5740 1.00761 -0.964526 0.907609
5750 0.998651 -0.971966 0.847633
5760 0.974783 -0.964169 0.830035
5770 0.976114 -0.981495 0.754393
5780 0.962503 -0.970856 0.794099
5790 0.974719 -0.969173 0.837654
5800 1.02487 -0.966536 0.893649
5810 0.986521 -0.982344 0.822915
5820 0.993768 -0.990788 0.822825
5830 1.00674 -0.97649 0.884357
5840 1.01805 -0.992334 0.842278
5850 1.0014 -0.980867 0.870988
5860 1.01197 -0.990436 0.828817
5870 0.994555 -0.988546 0.841334
5880 1.00545 -0.978335 0.904413
5890 1.0072 -0.970899 0.942528
5900 0.994459 -0.979008 0.906931
5910 1.00465 -0.985381 0.842367
5920 0.986564 -0.987598 0.809814
5930 0.985465 -0.986124 0.812544
5940 1.01069 -0.978726 0.85741
5950 0.999202 -0.958221 0.957548
5960 0.98274 -0.960225 0.960701
5970 1.01815 -0.975821 0.891836
5980 1.00778 -0.974888 0.878736
5990 0.969988 -0.95592 0.924264
6000 0.996894 -0.953357 0.920602
6010 0.954219 -0.951475 0.895261
6020 1.01343 -0.963486 0.898544
6030 1.01426 -0.94826 0.938088
6040 0.996698 -0.955187 0.91299
6050 0.989183 -0.948629 0.950168
6060 0.997716 -0.934303 1.00501
6070 1.0421 -0.955206 0.93048
6080 1.0371 -0.960797 0.875092
6090 1.0381 -0.956668 0.917231
6100 1.02924 -0.94932 0.94387
6110 1.00268 -0.959829 0.906664
6120 0.998355 -0.963181 0.920675
6130 1.01715 -0.963963 0.920075
6140 1.04104 -0.960319 0.959761
6150 1.03058 -0.945091 1.02841
6160 1.02013 -0.957311 0.978274
6170 1.00877 -0.939673 1.00205
6180 0.996568 -0.951544 0.943375
6190 0.986597 -0.953864 0.900915
6200 1.01193 -0.967118 0.834338
6210 1.01393 -0.968075 0.834193
6220 1.00413 -0.968386 0.82789
6230 1.00625 -0.958408 0.860475
6240 0.999027 -0.949101 0.878255
6250 1.00113 -0.965369 0.825201
6260 1.00318 -0.96423 0.847746
6270 0.998678 -0.945038 0.935288
6280 1.01486 -0.959989 0.895547
6290 1.01014 -0.963142 0.893477
6300 1.006 -0.969295 0.862399
6310 1.01818 -0.974845 0.834107
6320 1.0005 -0.969134 0.851235
6330 0.974597 -0.960856 0.852242
6340 0.973033 -0.962346 0.842474
6350 0.979513 -0.963091 0.848262
6360 0.960128 -0.964086 0.833774
6370 0.974442 -0.965372 0.849578
6380 0.985204 -0.956684 0.89479
6390 0.989426 -0.967435 0.84562
6400 0.962463 -0.963159 0.826052
6410 0.975537 -0.96826 0.815517
6420 0.985646 -0.96473 0.819796
6430 0.998378 -0.959004 0.850919
6440 0.969377 -0.948315 0.892981
6450 1.00306 -0.957297 0.888973
6460 1.02409 -0.963173 0.875247
6470 1.00125 -0.95529 0.899031
6480 0.997818 -0.957679 0.883082
6490 1.01589 -0.965766 0.872671
6500 1.00533 -0.978259 0.835076
6510 0.996953 -0.978342 0.834539
6520 1.01422 -0.973493 0.868092
6530 0.996934 -0.96494 0.875863
6540 1.00926 -0.978076 0.823178
6550 0.996946 -0.997162 0.741726
6560 0.99823 -0.982485 0.785821
6570 0.985606 -0.978911 0.776527
6580 0.991563 -0.974205 0.800584
6590 0.963244 -0.967316 0.802519
6600 1.02247 -0.973814 0.813533
6610 1.01215 -0.968741 0.858398
6620 0.966319 -0.971 0.826218
6630 1.01313 -0.976045 0.807121
6640 1.01584 -0.986591 0.766518
6650 1.02403 -0.981702 0.794002
6660 1.02065 -0.980784 0.795003
6670 1.01172 -0.964768 0.857096
6680 1.01448 -0.964535 0.859526
6690 0.98905 -0.968924 0.844301
6700 0.988323 -0.954926 0.907498
6710 0.995839 -0.95597 0.920453
6720 0.985171 -0.955537 0.925916
6730 1.0006 -0.95562 0.928897
6740 1.00995 -0.955392 0.951812
6750 0.99087 -0.935526 1.01859
6760 1.02129 -0.942037 1.01356
6770 1.02488 -0.940618 1.02502
6780 1.03339 -0.935363 1.03998
6790 0.994848 -0.946348 0.978385
6800 1.01108 -0.955266 0.915535
6810 1.01323 -0.979301 0.816414
6820 1.00506 -0.980536 0.815977
6830 0.990043 -0.97181 0.850054
6840 0.981014 -0.975759 0.849369
6850 1.00532 -0.9963 0.789068
6860 1.01672 -0.989906 0.812006
6870 1.01918 -0.974885 0.884885
6880 1.02779 -0.96764 0.899606
6890 1.00311 -0.97143 0.86288
6900 1.00215 -0.979736 0.820712
6910 1.02309 -0.985019 0.825361
6920 0.995266 -0.993264 0.786255
6930 0.99427 -0.991424 0.793521
6940 0.99534 -1.00458 0.74846
6950 0.978103 -0.980042 0.831085
6960 0.989458 -0.977348 0.850715
6970 0.996578 -0.984937 0.824042
6980 1.0061 -0.987668 0.813101
6990 0.983498 -0.986594 0.840015
7000 0.980402 -0.969092 0.905284
7010 0.992711 -0.986009 0.837879
7020 1.03492 -0.996265 0.816243
7030 1.01949 -0.985622 0.849261
7040 1.02583 -0.982696 0.852688
7050 1.01866 -0.964478 0.942265
7060 1.04466 -0.958681 0.981227
7070 1.01168 -0.952764 0.967752
7080 1.03605 -0.965063 0.923144
7090 1.03707 -0.966932 0.890907
7100 1.04264 -0.970597 0.886354
7110 1.01953 -0.97439 0.876673
7120 1.00284 -0.976411 0.863543
7130 0.979545 -0.972306 0.851453
7140 1.0232 -0.962666 0.920035
7150 1.02981 -0.95019 0.957526
7160 1.01451 -0.950612 0.942848
7170 0.997692 -0.963343 0.892297
7180 1.02926 -0.971786 0.886585
7190 1.02386 -0.979418 0.858666
7200 1.0348 -0.97201 0.868638
7210 1.02453 -0.97476 0.835214
7220 0.997381 -0.970813 0.834775
7230 0.977219 -0.978328 0.810573
7240 0.96278 -0.979773 0.805868
7250 0.977556 -0.980156 0.81083
7260 0.995016 -0.976534 0.83691
7270 1.0098 -0.980262 0.848201
7280 1.0173 -0.982779 0.860567
7290 1.02861 -0.971542 0.909186
7300 1.01431 -0.977198 0.888172
7310 0.973491 -0.953128 0.961755
7320 1.01352 -0.966762 0.92218
7330 0.998352 -0.962026 0.912537
7340 0.999532 -0.973424 0.884127
7350 0.996317 -0.988103 0.827762
7360 1.00583 -0.978679 0.881236
7370 0.995943 -0.961343 0.962755
7380 0.984707 -0.960504 0.961463
7390 0.996101 -0.976489 0.914895
7400 0.973396 -0.981937 0.889951
7410 0.975215 -0.978203 0.886983
7420 0.98421 -0.98906 0.823089
7430 0.999868 -0.993707 0.798985
7440 0.987641 -0.995896 0.793321
7450 1.00093 -0.987095 0.83973
7460 0.991452 -0.981651 0.834895
7470 1.00771 -0.962713 0.917924
7480 0.982681 -0.954561 0.929514
7490 1.00881 -0.941216 0.987997
7500 1.0213 -0.959597 0.916593
7510 1.01373 -0.955733 0.943397
7520 0.982317 -0.95794 0.957373
7530 0.953781 -0.95847 0.952793
7540 0.969181 -0.961321 0.929723
7550 0.966124 -0.961326 0.909476
7560 0.998791 -0.972617 0.877548
7570 1.00642 -0.973257 0.871712
7580 1.00539 -0.96391 0.918353
7590 0.998833 -0.972007 0.900275
7600 1.00206 -0.98564 0.829638
7610 0.984022 -0.989124 0.793544
7620 0.984139 -0.978393 0.840654
7630 1.02495 -0.978772 0.861764
7640 1.04026 -0.974877 0.897823
7650 1.03428 -0.958857 0.958117
7660 1.02743 -0.95802 0.949085
7670 0.990437 -0.968651 0.863846
7680 0.990603 -0.96242 0.887461
7690 0.970438 -0.957032 0.896746
7700 0.983712 -0.97204 0.852574
7710 1.00917 -0.968778 0.870461
7720 1.00401 -0.961198 0.906086
7730 0.985867 -0.959684 0.916114
7740 0.998158 -0.969184 0.896827
7750 1.01254 -0.962063 0.927108
7760 1.03584 -0.977089 0.896227
7770 0.973893 -0.967314 0.927565
7780 1.00026 -0.985323 0.910796
7790 0.986109 -0.975648 0.955212
7800 0.986355 -0.972046 0.956126
7810 0.996561 -0.96886 0.979045
7820 1.00792 -0.976236 0.952383
7830 1.00103 -0.982008 0.907638
7840 0.996056 -0.990558 0.86039
7850 0.970992 -0.974968 0.890616
7860 1.00245 -0.976211 0.903248
7870 1.0004 -0.961247 0.955172
7880 1.04044 -0.973535 0.899041
7890 1.02523 -0.975254 0.891675
7900 1.02631 -0.96644 0.931865
7910 1.00852 -0.966482 0.928154
7920 0.983323 -0.979845 0.848509
7930 0.985886 -0.971523 0.870268
7940 1.02726 -0.965987 0.908867
7950 1.04494 -0.960786 0.928079
7960 1.03727 -0.965586 0.904271
7970 0.99695 -0.968842 0.863937
7980 0.996138 -0.953541 0.929219
7990 0.992249 -0.960159 0.92504
8000 0.992732 -0.95637 0.936617
8010 0.986569 -0.958128 0.930697
8020 1.01917 -0.964941 0.901873
8030 1.02288 -0.978432 0.835146
8040 1.04087 -0.96255 0.889083
8050 1.0205 -0.965935 0.864846
8060 1.01368 -0.97116 0.841305
8070 0.996582 -0.953282 0.910013
8080 0.976772 -0.958947 0.884568
8090 1.02111 -0.975246 0.828133
8100 0.97511 -0.971973 0.806717
8110 0.9773 -0.985314 0.753033
8120 1.02114 -0.985574 0.796566
8130 0.997211 -0.969276 0.876812
8140 0.995584 -0.966787 0.908407
8150 1.00438 -0.973427 0.889975
8160 0.995044 -0.975188 0.854141
8170 0.979237 -0.976748 0.861582
8180 0.994757 -0.969204 0.910058
8190 1.01246 -0.967029 0.910993
8200 1.01956 -0.972188 0.883433
8210 1.01983 -0.983181 0.829854
8220 1.00109 -0.979704 0.819582
8230 1.00101 -0.986075 0.809568
8240 1.01633 -0.971137 0.8718
8250 0.975734 -0.959522 0.903871
8260 0.97381 -0.948453 0.944987
8270 0.98806 -0.960402 0.912292
8280 1.00334 -0.961746 0.913153
8290 1.0038 -0.974089 0.860937
8300 0.983132 -0.979832 0.804706
8310 0.998697 -0.983515 0.814044
8320 0.989417 -0.95837 0.930831
8330 1.03012 -0.95526 0.97933
8340 1.01023 -0.965201 0.939833
8350 1.0067 -0.970508 0.897978
8360 0.966927 -0.970101 0.884563
8370 0.981419 -0.978883 0.837881
8380 0.959313 -0.972021 0.83553
8390 0.972146 -0.982254 0.804812
8400 0.942296 -0.979203 0.837557
8410 0.990634 -0.957829 0.944888
8420 0.993853 -0.951041 0.952669
8430 0.969641 -0.966019 0.86349
8440 1.03361 -0.97785 0.855957
8450 1.03575 -0.971607 0.901597
8460 1.0438 -0.982356 0.881411
8470 1.01834 -0.978367 0.883214
8480 1.02834 -0.983327 0.86696
8490 0.996143 -0.980362 0.848108
8500 0.997972 -0.99816 0.78949
8510 1.01175 -0.985104 0.840601
8520 1.01289 -0.967471 0.920223
8530 1.01194 -0.984801 0.879679
8540 0.996293 -0.979333 0.891047
8550 1.02313 -0.973392 0.940211
8560 1.00404 -0.970576 0.966883
8570 1.00311 -0.971846 0.948255
8580 0.983569 -0.953864 0.988912
8590 0.986882 -0.960464 0.924664
8600 0.982633 -0.965605 0.872759
8610 1.00721 -0.983472 0.82183
8620 1.02358 -0.982167 0.821803
8630 1.00656 -0.973667 0.84287
8640 0.984542 -0.97635 0.820977
8650 1.01466 -0.970623 0.859484
8660 1.01248 -0.986745 0.80842
8670 0.99238 -0.996284 0.770543
8680 0.976569 -0.969635 0.860975
8690 1.00145 -0.971 0.860935
8700 0.992283 -0.975949 0.831392
8710 0.996158 -0.981676 0.803708
8720 0.957865 -0.982518 0.786975
8730 0.977742 -0.986629 0.788248
8740 1.02512 -1.00118 0.776795
8750 0.983003 -0.978055 0.862711
8760 0.998212 -0.975937 0.875513
8770 1.01269 -0.98519 0.84555
8780 1.0231 -0.995728 0.791745
8790 1.00542 -1.00346 0.742488
8800 1.01147 -0.998343 0.757199
8810 1.02636 -0.985657 0.850441
8820 0.993587 -0.990288 0.827111
8830 0.950213 -0.981062 0.84629
8840 0.991743 -0.983063 0.861458
8850 1.00179 -0.965309 0.936197
8860 1.01379 -0.959421 0.963559
8870 0.999134 -0.956787 0.959742
8880 0.988961 -0.94636 0.979189
8890 1.0196 -0.95664 0.931699
8900 0.983289 -0.968287 0.866225
8910 0.949417 -0.970294 0.857435
8920 0.94039 -0.975545 0.848404
8930 0.979091 -0.982295 0.804585
8940 1.00302 -0.979319 0.822972
8950 1.01185 -0.972848 0.843043
8960 1.01228 -0.954579 0.919401
8970 1.06885 -0.953193 0.960953
8980 1.00781 -0.950144 0.960199
8990 0.99398 -0.978105 0.878475
9000 0.965946 -0.981643 0.871186
9010 0.975917 -0.973077 0.892474
9020 0.98006 -0.962646 0.948938
9030 0.97264 -0.947996 1.01363
9040 1.00907 -0.948382 1.00528
9050 1.03676 -0.95944 0.965254
9060 1.02028 -0.968069 0.928703
9070 0.99234 -0.959812 0.938002
9080 0.995416 -0.973777 0.876098
9090 1.00682 -0.973259 0.860552
9100 1.00405 -0.971474 0.859079
9110 1.00904 -0.967097 0.891809
9120 0.992773 -0.962528 0.922413
9130 1.02014 -0.982261 0.869279
9140 1.04756 -0.978365 0.873665
9150 1.0355 -0.983162 0.860564
9160 0.999072 -0.97301 0.938118
9170 0.992553 -0.973268 0.944755
9180 1.02591 -0.977569 0.917266
9190 1.0445 -0.982426 0.882004
9200 0.997587 -0.984174 0.841023
9210 0.990865 -0.971046 0.931863
9220 1.01382 -0.981635 0.912155
9230 0.997223 -0.975745 0.942395
9240 0.999013 -0.970749 0.946853
9250 1.00425 -0.971274 0.933581
9260 0.965953 -0.974635 0.924257
9270 0.995982 -0.973926 0.961792
9280 1.01054 -0.956666 1.01269
9290 1.01471 -0.961227 0.969281
9300 1.0104 -0.971551 0.937411
9310 0.982882 -0.968559 0.951783
9320 0.991175 -0.988368 0.874063
9330 0.991984 -0.992265 0.863702
9340 0.99628 -1.00492 0.830184
9350 0.993909 -0.990051 0.87548
9360 0.978173 -0.993097 0.867604
9370 0.962925 -1.00614 0.825377
9380 0.946979 -0.995564 0.877902
9390 1.01758 -0.989551 0.93755
9400 0.997052 -0.987577 0.93351
9410 0.983419 -0.976076 0.969331
9420 1.00781 -0.977004 0.953066
9430 1.00295 -0.979143 0.953247
9440 0.96272 -0.97643 0.969136
9450 0.983426 -0.994449 0.912879
9460 0.998464 -1.01076 0.849192
9470 0.988601 -0.993601 0.911875
9480 0.987413 -0.992838 0.924518
9490 0.972177 -0.993104 0.907398
9500 0.975404 -1.00157 0.851791
9510 0.992281 -1.00737 0.830363
9520 1.00538 -0.987102 0.936565
9530 1.02333 -0.988412 0.966304
9540 1.04017 -0.995314 0.937091
9550 1.0127 -0.995435 0.89618
9560 1.004 -0.986426 0.92574
9570 1.00839 -0.984405 0.944622
9580 0.975397 -0.982058 0.941591
9590 0.996494 -1.00558 0.861265
9600 1.03398 -0.997833 0.890593
9610 1.03679 -0.990638 0.908768
9620 1.02311 -0.997028 0.865506
9630 1.01366 -0.983464 0.915638
9640 0.993531 -0.97015 0.928921
9650 1.00316 -0.975609 0.867697
9660 0.988957 -0.984228 0.791696
9670 0.9704 -0.984341 0.770302
9680 0.971754 -0.989492 0.772792
9690 0.970208 -0.99039 0.781666
9700 1.01321 -0.98776 0.825831
9710 0.991315 -0.96234 0.931754
9720 1.00898 -0.957758 0.957494
9730 1.01573 -0.968501 0.917915
9740 1.00584 -0.976885 0.895164
9750 1.00572 -0.962857 0.913961
9760 1.01167 -0.95597 0.932991
9770 1.001 -0.963127 0.908814
9780 0.982178 -0.973122 0.875181
9790 0.992693 -0.9669 0.90336
9800 1.01106 -0.979041 0.877421
9810 1.03065 -0.992946 0.856998
9820 0.989897 -0.984358 0.865553
9830 1.01888 -0.976955 0.919076
9840 1.04923 -0.991834 0.892486
9850 1.02584 -0.971785 0.971864
9860 1.04931 -0.96956 0.981814
9870 1.03458 -0.982747 0.913465
9880 1.06682 -0.998063 0.842429
9890 1.03162 -1.00211 0.807601
9900 1.06471 -0.983773 0.889229
9910 1.04142 -0.965018 0.958023
9920 1.01589 -0.974145 0.896456
9930 1.03677 -0.989241 0.856386
9940 1.00652 -0.994789 0.842222
9950 1.01839 -0.982883 0.901141
9960 1.01663 -0.974543 0.939035
9970 1.02149 -0.976667 0.932577
9980 1.01559 -0.973549 0.922844
9990 1.04671 -0.975016 0.922564
10000 1.00763 -0.972611 0.923835
10010 0.981463 -0.974275 0.884621
10020 0.978752 -0.986339 0.839658
10030 0.993382 -0.995427 0.838656
10040 0.979134 -1.00217 0.820841
10050 0.994472 -1.00472 0.810671
10060 1.01049 -0.988944 0.893949
10070 1.02101 -0.964503 1.00015
10080 1.01394 -0.969241 0.964989
10090 1.01116 -0.97149 0.982167
10100 0.98711 -0.992944 0.887861
10110 0.990449 -1.00265 0.829611
10120 1.00135 -1.01035 0.776605
10130 1.01651 -1.0123 0.755874
10140 0.989203 -1.00556 0.793676
10150 0.958042 -0.993656 0.828144
10160 0.96744 -0.996183 0.833352
10170 1.01735 -0.992893 0.870447
10180 1.0159 -1.00134 0.833666
10190 1.04423 -1.01668 0.782775
10200 1.01664 -1.00387 0.82077
