120 0.650686 -0.622548 0.0106194
130 1.14355 -0.569691 0.025359
140 1.35337 -0.515961 0.0337405
150 1.41888 -0.497505 0.033005
160 1.45541 -0.480784 0.0311298
170 1.47509 -0.462157 0.0299049
180 1.45609 -0.451404 0.0279708
190 1.47176 -0.439983 0.0272634
200 1.49776 -0.424189 0.027849
210 1.50168 -0.414112 0.0275004
220 1.49774 -0.40575 0.0272291
230 1.51289 -0.392648 0.0280965
240 1.51498 -0.379402 0.0285959
250 1.50417 -0.380714 0.0266015
260 1.53202 -0.3796 0.0256725
270 1.52104 -0.373222 0.0251603
280 1.51115 -0.368862 0.0246906
290 1.50227 -0.365857 0.0244555
300 1.49597 -0.365875 0.0240456
310 1.50437 -0.359945 0.0245878
320 1.51306 -0.353881 0.0249501
330 1.50188 -0.348489 0.0251307
340 1.49062 -0.34317 0.0250667
350 1.49177 -0.341145 0.0249814
360 1.48596 -0.336205 0.0249125
370 1.5068 -0.334244 0.0244622
380 1.50128 -0.330645 0.0238626
390 1.50668 -0.327991 0.0234847
400 1.49351 -0.323992 0.0231981
410 1.48345 -0.318835 0.02349
420 1.5038 -0.313068 0.0244836
430 1.512 -0.309435 0.0247603
440 1.52964 -0.312417 0.0241318
450 1.49911 -0.306499 0.0239532
460 1.48789 -0.306115 0.0235027
470 1.51657 -0.308242 0.0236138
480 1.50614 -0.305533 0.0237014
490 1.49268 -0.304666 0.0235335
500 1.48714 -0.302977 0.0237205
510 1.48682 -0.299222 0.0241782
520 1.47886 -0.303025 0.0233201
530 1.50666 -0.296324 0.0246331
540 1.50526 -0.293146 0.02502
550 1.49736 -0.292686 0.0246749
560 1.49047 -0.294988 0.0240389
570 1.48931 -0.294515 0.0238662
580 1.50923 -0.293519 0.0242754
590 1.50468 -0.288033 0.0248571
600 1.49961 -0.287939 0.0247347
610 1.48471 -0.290307 0.0240556
620 1.50261 -0.290926 0.0241748
630 1.47472 -0.283839 0.0245328
640 1.47573 -0.285453 0.0241367
650 1.49575 -0.285238 0.0243069
660 1.47753 -0.279891 0.0245934
670 1.47951 -0.286241 0.0238597
680 1.48108 -0.291068 0.0232145
690 1.51367 -0.286263 0.0240268
700 1.49973 -0.286283 0.0236357
710 1.49597 -0.284888 0.0235064
720 1.50746 -0.277677 0.0246066
730 1.52395 -0.27747 0.0251097
740 1.52663 -0.279613 0.0249903
750 1.51894 -0.277555 0.0250598
760 1.49925 -0.277468 0.0246779
770 1.51866 -0.273413 0.0254948
780 1.50021 -0.269666 0.0252896
790 1.4986 -0.271875 0.0244407
800 1.51404 -0.273152 0.0240599
810 1.50898 -0.272013 0.0236715
820 1.49429 -0.268832 0.0238596
830 1.48469 -0.272642 0.0233474
840 1.495 -0.26696 0.0246202
850 1.53503 -0.268439 0.0252526
860 1.53165 -0.273131 0.0246103
870 1.49399 -0.270889 0.0242225
880 1.49391 -0.269597 0.0240995
890 1.47385 -0.266938 0.0238313
900 1.49297 -0.268267 0.0239042
910 1.50441 -0.2661 0.0244081
920 1.53733 -0.266616 0.0247685
930 1.52281 -0.263856 0.0246142
940 1.48583 -0.263926 0.0237353
950 1.50003 -0.263348 0.0239953
960 1.45537 -0.259997 0.0238575
970 1.48868 -0.262314 0.0241253
980 1.47334 -0.263112 0.0236413
990 1.49658 -0.264808 0.023604
1000 1.50321 -0.265346 0.0235593
1010 1.48185 -0.263668 0.0235323
1020 1.4938 -0.263928 0.0240229
1030 1.48543 -0.261292 0.0244001
1040 1.49765 -0.263697 0.0241326
1050 1.50263 -0.262563 0.0241739
1060 1.48951 -0.257684 0.0247632
1070 1.46864 -0.259848 0.0239221
1080 1.4813 -0.257467 0.0242642
1090 1.49643 -0.254849 0.0246974
1100 1.49637 -0.259496 0.0239498
1110 1.47563 -0.258296 0.0237877
1120 1.47934 -0.258936 0.0237662
1130 1.48055 -0.25896 0.0237116
1140 1.50885 -0.253341 0.0249904
1150 1.47735 -0.260069 0.0235212
1160 1.5016 -0.257063 0.0243153
1170 1.48545 -0.262338 0.0234822
1180 1.50692 -0.255915 0.0248206
1190 1.50395 -0.2497 0.0256893
1200 1.49715 -0.255937 0.024514
1210 1.49262 -0.258447 0.0239884
1220 1.48471 -0.25786 0.0237082
1230 1.48223 -0.257645 0.0234517
1240 1.49848 -0.263897 0.022806
1250 1.54077 -0.261512 0.0239808
1260 1.48909 -0.25914 0.0236539
1270 1.48167 -0.260264 0.0235743
1280 1.49001 -0.25887 0.0238423
1290 1.47791 -0.249314 0.0247655
1300 1.4948 -0.254776 0.0242372
1310 1.48927 -0.255389 0.0238548
1320 1.46976 -0.259959 0.0229028
1330 1.48842 -0.256086 0.0236658
1340 1.49453 -0.257019 0.0235208
1350 1.49671 -0.256462 0.0235494
1360 1.4875 -0.254935 0.0234551
1370 1.48767 -0.25015 0.0236898
1380 1.50869 -0.246342 0.0243804
1390 1.51804 -0.248298 0.0243155
1400 1.48702 -0.24295 0.0242306
1410 1.47831 -0.24901 0.0234358
1420 1.49488 -0.251665 0.0234377
1430 1.48978 -0.247203 0.023915
1440 1.50514 -0.243853 0.0246856
1450 1.50018 -0.244527 0.0246745
1460 1.47988 -0.247647 0.0239552
1470 1.48037 -0.250171 0.023318
1480 1.47375 -0.24564 0.0238583
1490 1.4776 -0.244782 0.024026
1500 1.48439 -0.248763 0.023556
1510 1.47886 -0.251545 0.0228467
1520 1.47019 -0.247365 0.0231415
1530 1.48312 -0.242161 0.0240436
1540 1.50798 -0.244301 0.0242237
1550 1.50862 -0.248557 0.023803
1560 1.50664 -0.241311 0.0248699
1570 1.50649 -0.245103 0.0248032
1580 1.49983 -0.244018 0.0249644
1590 1.51799 -0.243858 0.0254129
1600 1.52981 -0.245975 0.0251207
1610 1.53645 -0.246325 0.0248288
1620 1.52721 -0.243336 0.0247358
1630 1.49348 -0.248896 0.0232205
1640 1.50217 -0.247216 0.0235229
1650 1.49036 -0.247424 0.023374
1660 1.50463 -0.244274 0.023935
1670 1.48658 -0.242408 0.0237175
1680 1.50615 -0.243448 0.0238181
1690 1.50238 -0.238281 0.0245021
1700 1.4742 -0.242167 0.023571
1710 1.47118 -0.241791 0.0237949
1720 1.46584 -0.239157 0.0239452
1730 1.48068 -0.238084 0.0242093
1740 1.51003 -0.238369 0.0245781
1750 1.47634 -0.242692 0.0233814
1760 1.514 -0.239777 0.0244504
1770 1.5044 -0.237408 0.0246935
1780 1.48921 -0.23546 0.0248452
1790 1.48807 -0.236204 0.024599
1800 1.46773 -0.233081 0.0243743
1810 1.48944 -0.238427 0.0238304
1820 1.47952 -0.239339 0.0233683
1830 1.50276 -0.234551 0.0241715
1840 1.49871 -0.231874 0.0241861
1850 1.51547 -0.230565 0.0245491
1860 1.50146 -0.235656 0.0238505
1870 1.51629 -0.234357 0.0244855
1880 1.5239 -0.238345 0.0241298
1890 1.54994 -0.240762 0.0243021
1900 1.54069 -0.239433 0.0245033
1910 1.51313 -0.235893 0.0247477
1920 1.49322 -0.241281 0.0236008
1930 1.50204 -0.241983 0.0235206
1940 1.50512 -0.237331 0.0242934
1950 1.49616 -0.238976 0.023906
1960 1.50294 -0.238584 0.0240068
1970 1.51339 -0.238569 0.024196
1980 1.50985 -0.237016 0.0243999
1990 1.49192 -0.238676 0.0237945
2000 1.50983 -0.240972 0.0237885
2010 1.46235 -0.241603 0.0228454
2020 1.45989 -0.241813 0.0226973
2030 1.49175 -0.239171 0.0237643
2040 1.50166 -0.242659 0.0234035
2050 1.50798 -0.236239 0.0244327
2060 1.49427 -0.243528 0.0234486
2070 1.49316 -0.239865 0.0239989
2080 1.49727 -0.232784 0.0250075
2090 1.50429 -0.23626 0.0244641
2100 1.50264 -0.237645 0.0240773
2110 1.49509 -0.23274 0.0246202
2120 1.47787 -0.239066 0.0236557
2130 1.48507 -0.235468 0.0243831
2140 1.49324 -0.238808 0.0241506
2150 1.48329 -0.235728 0.0244353
2160 1.49574 -0.238417 0.0245548
2170 1.48573 -0.238442 0.0246219
2180 1.51019 -0.240498 0.0247131
2190 1.49702 -0.236675 0.0249555
2200 1.49853 -0.236293 0.0249876
2210 1.51841 -0.237059 0.0251815
2220 1.50696 -0.240558 0.0243582
2230 1.50471 -0.239551 0.024529
2240 1.49423 -0.238342 0.024549
2250 1.48646 -0.234902 0.0247017
2260 1.47881 -0.238648 0.0238444
2270 1.51289 -0.23645 0.0244417
2280 1.49975 -0.235256 0.0241673
2290 1.49858 -0.232941 0.0244816
2300 1.49967 -0.236075 0.0239902
2310 1.5234 -0.241941 0.0237807
2320 1.5322 -0.235371 0.0250906
2330 1.51919 -0.236272 0.0250356
2340 1.52346 -0.241673 0.0244731
2350 1.50201 -0.243867 0.0240315
2360 1.51169 -0.240893 0.0248017
2370 1.48396 -0.242377 0.0240727
2380 1.44506 -0.24435 0.0231266
2390 1.47631 -0.244942 0.0233212
2400 1.49279 -0.244549 0.0234676
2410 1.48963 -0.241782 0.0236838
2420 1.47805 -0.240023 0.0238562
2430 1.45478 -0.24065 0.0236583
2440 1.48141 -0.244502 0.023569
2450 1.47287 -0.242105 0.0237337
2460 1.49432 -0.244513 0.0239379
2470 1.47327 -0.241595 0.0239759
2480 1.4847 -0.245535 0.0235715
2490 1.48829 -0.241888 0.0241636
2500 1.49888 -0.244806 0.0240483
2510 1.48193 -0.247573 0.0233513
2520 1.49929 -0.24035 0.0245477
2530 1.4757 -0.247169 0.0231947
2540 1.50854 -0.246962 0.0237144
2550 1.50163 -0.242999 0.0241651
2560 1.46722 -0.240444 0.0239827
2570 1.47891 -0.242091 0.0241855
2580 1.51668 -0.242638 0.0247988
2590 1.50019 -0.242665 0.0245926
2600 1.51053 -0.245837 0.0244595
2610 1.52687 -0.245812 0.0246433
2620 1.50674 -0.243558 0.0245998
2630 1.47803 -0.243706 0.0240575
2640 1.50722 -0.245312 0.0244384
2650 1.49157 -0.240707 0.0250772
2660 1.48509 -0.243965 0.024583
2670 1.48394 -0.248797 0.0239179
2680 1.46998 -0.246355 0.0239672
2690 1.50957 -0.246945 0.0245855
2700 1.49337 -0.242739 0.0248213
2710 1.48438 -0.247176 0.0238424
2720 1.49348 -0.241865 0.0245849
2730 1.46415 -0.237012 0.0244807
2740 1.48398 -0.238623 0.0245671
2750 1.53345 -0.239707 0.0249564
2760 1.50561 -0.245466 0.0234065
2770 1.48404 -0.245036 0.023116
2780 1.50946 -0.241042 0.0242878
2790 1.48431 -0.24034 0.0240488
2800 1.50663 -0.242382 0.0240082
2810 1.53862 -0.23994 0.0247604
2820 1.49257 -0.236017 0.0244379
2830 1.48939 -0.241473 0.0236345
2840 1.48547 -0.239924 0.0237076
2850 1.46852 -0.239613 0.0232936
2860 1.476 -0.241416 0.023163
2870 1.47902 -0.242665 0.0230787
2880 1.47147 -0.242534 0.0229275
2890 1.49871 -0.243415 0.0233956
2900 1.49941 -0.240235 0.0240729
2910 1.53109 -0.241585 0.024564
2920 1.49699 -0.241236 0.0240741
2930 1.48514 -0.241083 0.0237809
2940 1.49485 -0.239424 0.0239884
2950 1.50896 -0.231834 0.0250659
2960 1.51417 -0.234047 0.0248792
2970 1.51908 -0.239515 0.0242566
2980 1.50363 -0.238386 0.0243038
2990 1.50273 -0.234947 0.0246843
3000 1.48925 -0.233822 0.0244005
3010 1.51185 -0.240099 0.0236865
3020 1.52004 -0.242413 0.0234519
3030 1.50284 -0.240934 0.0232428
3040 1.51057 -0.236332 0.0240711
3050 1.50843 -0.237291 0.0243228
3060 1.50787 -0.232363 0.0251523
3070 1.49994 -0.235755 0.0248585
3080 1.46244 -0.240543 0.0236613
3090 1.45592 -0.233703 0.0244528
3100 1.47326 -0.242212 0.0235928
3110 1.49023 -0.243218 0.0238388
3120 1.50851 -0.241195 0.0243089
3130 1.53002 -0.239165 0.0249897
3140 1.51868 -0.23981 0.0247721
3150 1.50502 -0.238731 0.0246332
3160 1.5074 -0.237462 0.0247273
3170 1.46785 -0.239006 0.0235502
3180 1.47002 -0.241244 0.0229839
3190 1.49337 -0.238951 0.023566
3200 1.51583 -0.237995 0.0241024
3210 1.50572 -0.239104 0.0242307
3220 1.49774 -0.23556 0.0249314
3230 1.50333 -0.23706 0.0247206
3240 1.49279 -0.235062 0.0247309
3250 1.48995 -0.237814 0.0244045
3260 1.49873 -0.240109 0.0244031
3270 1.50522 -0.241097 0.0244264
3280 1.50792 -0.243385 0.0241152
3290 1.50712 -0.240928 0.0244566
3300 1.49712 -0.244838 0.0239119
3310 1.49396 -0.244357 0.024034
3320 1.49216 -0.242836 0.0241673
3330 1.48622 -0.244417 0.0236415
3340 1.52201 -0.246988 0.0238444
3350 1.49593 -0.243637 0.0239412
3360 1.49739 -0.241512 0.0242672
3370 1.5027 -0.242165 0.0242997
3380 1.4983 -0.24279 0.0239732
3390 1.51408 -0.242979 0.0238654
3400 1.49687 -0.242862 0.0234138
3410 1.49884 -0.24358 0.0234808
3420 1.49001 -0.242781 0.0236033
3430 1.50405 -0.244335 0.0236717
3440 1.5022 -0.24429 0.0237465
3450 1.49733 -0.241742 0.0241994
3460 1.5056 -0.237868 0.0247491
3470 1.50489 -0.242883 0.0238191
3480 1.5057 -0.244859 0.0233922
3490 1.49551 -0.236699 0.0242022
3500 1.49784 -0.23895 0.0239587
3510 1.49071 -0.239169 0.0239586
3520 1.48974 -0.239641 0.0238617
3530 1.4924 -0.236751 0.0239425
3540 1.5003 -0.239426 0.0232346
3550 1.50693 -0.239129 0.0231415
3560 1.4947 -0.239195 0.023157
3570 1.49486 -0.232813 0.0244506
3580 1.51561 -0.235943 0.0246214
3590 1.50345 -0.238694 0.0240323
3600 1.46418 -0.237516 0.0236865
3610 1.48589 -0.231871 0.0248559
3620 1.49516 -0.239132 0.0241275
3630 1.50684 -0.241047 0.0240565
3640 1.48327 -0.242541 0.0233304
3650 1.4602 -0.234175 0.0240291
3660 1.47918 -0.240086 0.0235397
3670 1.46927 -0.245684 0.0227232
3680 1.45918 -0.246414 0.0225679
3690 1.4907 -0.247277 0.0231346
3700 1.49882 -0.242263 0.0240324
3710 1.51402 -0.24501 0.0240044
3720 1.4726 -0.242041 0.0236963
3730 1.48751 -0.246514 0.0233241
3740 1.50136 -0.243466 0.023838
3750 1.49965 -0.245325 0.0236833
3760 1.47025 -0.243772 0.0234817
3770 1.47247 -0.243568 0.0234929
3780 1.49728 -0.239461 0.0242103
3790 1.505 -0.245138 0.0236333
3800 1.51458 -0.24063 0.0243905
3810 1.48642 -0.244895 0.0232078
3820 1.48389 -0.241324 0.0236887
3830 1.50217 -0.24528 0.0237905
3840 1.51692 -0.246629 0.0239571
3850 1.48848 -0.243097 0.0239752
3860 1.47187 -0.245317 0.0233392
3870 1.45673 -0.241548 0.023681
3880 1.46757 -0.2473 0.0232719
3890 1.47664 -0.253344 0.0226667
3900 1.49409 -0.25176 0.023354
3910 1.50884 -0.244854 0.0246191
3920 1.51397 -0.246804 0.0245179
3930 1.50821 -0.246874 0.024499
3940 1.50988 -0.250524 0.0241174
3950 1.51026 -0.246923 0.0245064
3960 1.49876 -0.251297 0.0235825
3970 1.49069 -0.245255 0.0243154
3980 1.50226 -0.24468 0.0243176
3990 1.49687 -0.250384 0.0232854
4000 1.52174 -0.243263 0.0247537
4010 1.52442 -0.2463 0.0245412
4020 1.52005 -0.248646 0.0241757
4030 1.50563 -0.247278 0.0239048
4040 1.48335 -0.248483 0.0233002
4050 1.51449 -0.248959 0.0239889
4060 1.48774 -0.2492 0.023778
4070 1.48365 -0.250346 0.0237348
4080 1.48258 -0.245057 0.024437
4090 1.47373 -0.251077 0.0234625
4100 1.48319 -0.250807 0.0235143
4110 1.49078 -0.254375 0.023025
4120 1.48559 -0.251355 0.0234434
4130 1.48246 -0.252716 0.0233121
4140 1.50538 -0.250969 0.0239853
4150 1.48616 -0.254554 0.0233496
4160 1.50105 -0.251383 0.0239603
4170 1.51324 -0.253589 0.0238971
4180 1.51129 -0.247558 0.0247908
4190 1.51531 -0.249349 0.0244669
4200 1.49344 -0.25023 0.0236861
4210 1.53464 -0.254966 0.0234627
4220 1.50474 -0.248535 0.0235521
4230 1.47085 -0.250156 0.0228691
4240 1.50043 -0.251512 0.0236374
4250 1.48796 -0.250133 0.0237909
4260 1.48603 -0.252097 0.0235192
4270 1.50326 -0.252607 0.0237278
4280 1.51751 -0.246972 0.0247478
4290 1.52077 -0.244176 0.0249538
4300 1.50294 -0.247093 0.0240355
4310 1.51494 -0.245518 0.0245157
4320 1.5083 -0.245771 0.0243952
4330 1.47548 -0.245309 0.0238418
4340 1.48581 -0.24527 0.0239134
4350 1.46774 -0.247763 0.0231201
4360 1.50857 -0.246592 0.0238465
4370 1.50666 -0.247373 0.0235266
4380 1.50706 -0.246814 0.0235199
4390 1.52156 -0.243182 0.0241088
4400 1.50105 -0.243495 0.0238887
4410 1.49302 -0.248961 0.0233497
4420 1.48895 -0.246699 0.0237979
4430 1.48375 -0.241407 0.0244533
4440 1.51759 -0.243796 0.0246117
4450 1.49566 -0.246479 0.0237489
4460 1.50796 -0.240284 0.024547
4470 1.52867 -0.245599 0.0237893
4480 1.50976 -0.24265 0.023804
4490 1.48583 -0.244348 0.023073
4500 1.50008 -0.242337 0.0236817
4510 1.49749 -0.241143 0.0238265
4520 1.50986 -0.237182 0.0246567
4530 1.52034 -0.238901 0.0247629
4540 1.50671 -0.235798 0.0249742
4550 1.51899 -0.239361 0.0245126
4560 1.51003 -0.241393 0.024016
4570 1.49772 -0.236569 0.0242989
4580 1.50766 -0.23551 0.0243814
4590 1.50583 -0.236868 0.0241806
4600 1.52212 -0.237565 0.0245225
4610 1.4821 -0.233485 0.0242847
4620 1.48965 -0.234424 0.0243361
4630 1.496 -0.23234 0.0247587
4640 1.49428 -0.236787 0.0241141
4650 1.5043 -0.239898 0.0238368
4660 1.49835 -0.236233 0.0241597
4670 1.51246 -0.239174 0.0239509
4680 1.50137 -0.240711 0.0233245
4690 1.51335 -0.242249 0.02322
4700 1.53854 -0.241581 0.0237269
4710 1.49859 -0.239221 0.0234025
4720 1.49722 -0.238438 0.0236007
4730 1.48147 -0.234031 0.0241357
4740 1.50878 -0.236872 0.0244218
4750 1.52579 -0.23963 0.0244447
4760 1.50738 -0.238315 0.0244324
4770 1.51274 -0.236831 0.0245612
4780 1.47492 -0.236528 0.0237328
4790 1.49925 -0.234794 0.0241523
4800 1.52175 -0.236753 0.0239929
4810 1.49911 -0.233676 0.0237858
4820 1.5065 -0.233766 0.0237811
4830 1.47635 -0.231322 0.0236475
4840 1.49357 -0.232593 0.0237809
4850 1.4802 -0.231141 0.023827
4860 1.48449 -0.233973 0.0235088
4870 1.49967 -0.234161 0.0237797
4880 1.52548 -0.232747 0.0244983
4890 1.5209 -0.233468 0.0243459
4900 1.49316 -0.238199 0.0235271
4910 1.4956 -0.231995 0.0246436
4920 1.49537 -0.235114 0.0241741
4930 1.51055 -0.234584 0.0242328
4940 1.50149 -0.234663 0.0236478
4950 1.48866 -0.235201 0.0233974
4960 1.47328 -0.227591 0.0242986
4970 1.4743 -0.235014 0.0235249
4980 1.46094 -0.2349 0.0234134
4990 1.49615 -0.234726 0.0242007
5000 1.50623 -0.234031 0.0248699
5010 1.52233 -0.236293 0.0250358
5020 1.50329 -0.238621 0.0244959
5030 1.50075 -0.236529 0.024653
5040 1.47792 -0.237112 0.0241429
5050 1.51664 -0.241381 0.0240988
5060 1.48918 -0.244448 0.0231348
5070 1.4958 -0.239608 0.0240338
5080 1.50949 -0.238929 0.0245423
5090 1.48363 -0.238285 0.0242075
5100 1.48619 -0.240649 0.0238982
5110 1.51601 -0.240492 0.0244929
5120 1.51908 -0.240041 0.0245711
5130 1.51965 -0.245413 0.0239512
5140 1.53976 -0.246052 0.0241956
5150 1.50767 -0.241735 0.0238978
5160 1.49966 -0.241366 0.0236826
5170 1.51119 -0.240144 0.0241846
5180 1.51199 -0.243298 0.0240669
5190 1.49165 -0.243175 0.0238202
5200 1.48606 -0.244219 0.0233555
5210 1.50967 -0.243445 0.0236686
5220 1.49294 -0.24469 0.0230918
5230 1.49403 -0.239039 0.0237099
5240 1.48526 -0.23846 0.0236269
5250 1.4997 -0.241632 0.0236338
5260 1.48641 -0.242104 0.0236484
5270 1.46031 -0.232445 0.0244624
5280 1.49266 -0.242164 0.0238396
5290 1.50458 -0.243862 0.0238415
5300 1.49568 -0.23808 0.0244244
5310 1.4799 -0.245388 0.0233568
5320 1.46766 -0.239174 0.0241159
5330 1.48632 -0.239842 0.02438
5340 1.51007 -0.237239 0.024993
5350 1.49459 -0.234883 0.0249379
5360 1.51347 -0.236329 0.0250689
5370 1.51011 -0.238447 0.0246616
5380 1.51566 -0.238762 0.0246731
5390 1.48329 -0.236824 0.0241487
5400 1.51785 -0.240634 0.0243075
5410 1.53025 -0.2417 0.0244097
5420 1.5549 -0.241798 0.0249055
5430 1.52292 -0.240102 0.0245861
5440 1.52054 -0.243028 0.024222
5450 1.48807 -0.241632 0.0239838
5460 1.50639 -0.244637 0.0237705
5470 1.49517 -0.245328 0.0232996
5480 1.50023 -0.247496 0.0229768
5490 1.51868 -0.245386 0.02369
5500 1.51787 -0.245053 0.023794
5510 1.47289 -0.242635 0.0234653
5520 1.47861 -0.237049 0.0244044
5530 1.49781 -0.241444 0.0242384
5540 1.48164 -0.24321 0.0236126
5550 1.47227 -0.238141 0.0240412
5560 1.49831 -0.238053 0.0245157
5570 1.48872 -0.245288 0.0233997
5580 1.50249 -0.245076 0.0235697
5590 1.4986 -0.240847 0.0241197
5600 1.49 -0.238043 0.0246341
5610 1.49366 -0.23581 0.0249299
5620 1.48868 -0.240844 0.0240418
5630 1.48936 -0.241084 0.0240564
5640 1.49458 -0.242145 0.0241191
5650 1.50085 -0.246349 0.0234657
5660 1.49797 -0.244352 0.0236112
5670 1.50023 -0.244406 0.0235745
5680 1.51209 -0.241977 0.0242508
5690 1.49584 -0.241804 0.0242427
5700 1.48249 -0.240043 0.0246442
5710 1.52324 -0.242354 0.0253622
5720 1.50512 -0.244044 0.0248904
5730 1.49605 -0.248941 0.0241593
5740 1.48954 -0.243358 0.0247068
5750 1.50237 -0.249765 0.0241319
5760 1.49359 -0.245703 0.0247136
5770 1.51525 -0.244852 0.0251437
5780 1.55107 -0.24493 0.0253362
5790 1.52541 -0.244701 0.0246099
5800 1.52831 -0.252558 0.0237774
5810 1.51133 -0.241409 0.0248849
5820 1.49034 -0.236937 0.0248629
5830 1.50015 -0.243341 0.0239082
5840 1.49332 -0.24653 0.0234984
5850 1.47527 -0.246325 0.0233751
5860 1.49023 -0.243819 0.0241531
5870 1.49154 -0.241175 0.0247632
5880 1.50722 -0.2417 0.0248007
5890 1.48886 -0.236821 0.0248603
5900 1.47877 -0.238039 0.0243656
5910 1.4634 -0.239179 0.0239382
5920 1.49842 -0.243035 0.0241588
5930 1.52411 -0.246731 0.0239613
5940 1.52592 -0.239819 0.0248967
5950 1.51414 -0.24124 0.0245081
5960 1.48162 -0.243882 0.0233193
5970 1.47584 -0.246129 0.0226002
5980 1.50262 -0.238018 0.0240881
5990 1.4878 -0.2413 0.0235802
6000 1.47615 -0.239729 0.0236791
6010 1.48891 -0.232639 0.0246699
6020 1.50982 -0.240295 0.0238808
6030 1.49737 -0.241873 0.0233811
6040 1.47699 -0.239347 0.0233277
6050 1.50882 -0.237854 0.0239049
6060 1.51263 -0.238617 0.0236851
6070 1.51943 -0.237726 0.0239318
6080 1.52545 -0.234631 0.0246545
6090 1.50516 -0.237402 0.0238491
6100 1.5049 -0.237776 0.0238621
6110 1.49078 -0.232495 0.0241821
6120 1.48635 -0.236411 0.0233501
6130 1.51026 -0.235912 0.0235049
6140 1.49321 -0.229681 0.0240059
6150 1.51679 -0.233041 0.0241958
6160 1.50242 -0.231349 0.0242069
6170 1.51962 -0.235503 0.0236967
6180 1.51584 -0.233324 0.0237475
6190 1.50038 -0.232317 0.0237003
6200 1.50702 -0.231784 0.0242562
6210 1.51165 -0.233426 0.0242378
6220 1.49006 -0.236674 0.0235222
6230 1.52979 -0.235053 0.0245337
6240 1.50238 -0.234588 0.0243164
6250 1.47633 -0.23791 0.0238057
6260 1.48615 -0.233568 0.0245918
6270 1.50301 -0.233569 0.0244
6280 1.48892 -0.23525 0.0236871
6290 1.47949 -0.23822 0.0231976
6300 1.47965 -0.240125 0.0230758
6310 1.47981 -0.238004 0.0236443
6320 1.48977 -0.240354 0.0237836
6330 1.47223 -0.238856 0.0239074
6340 1.4956 -0.244534 0.0237492
6350 1.50722 -0.241105 0.0243696
6360 1.50491 -0.242686 0.0240903
6370 1.48794 -0.245742 0.0232739
6380 1.4841 -0.244795 0.0232988
6390 1.50939 -0.240691 0.0241346
6400 1.5248 -0.244149 0.0235851
6410 1.49124 -0.235086 0.0239751
6420 1.48322 -0.24009 0.0235259
6430 1.49777 -0.243489 0.0233991
6440 1.49847 -0.23795 0.0240316
6450 1.50692 -0.241555 0.0238421
6460 1.46614 -0.239369 0.0233764
6470 1.48622 -0.241015 0.0234345
6480 1.47202 -0.242713 0.023104
6490 1.45976 -0.239865 0.0230835
6500 1.49652 -0.244563 0.0230954
6510 1.48808 -0.240897 0.0235209
6520 1.48454 -0.244891 0.0231551
6530 1.48928 -0.241115 0.0237564
6540 1.53426 -0.239943 0.0247891
6550 1.51217 -0.237454 0.0248807
6560 1.51389 -0.235721 0.0249803
6570 1.4992 -0.239642 0.0240876
6580 1.48399 -0.241566 0.0238327
6590 1.45444 -0.240388 0.0235632
6600 1.4823 -0.237288 0.0243794
6610 1.49415 -0.237302 0.024224
6620 1.51818 -0.239167 0.0240067
6630 1.51185 -0.235769 0.0241417
6640 1.5015 -0.237336 0.0237903
6650 1.50151 -0.226419 0.0250431
6660 1.49873 -0.224642 0.0252137
6670 1.52481 -0.230601 0.0246893
6680 1.50462 -0.232674 0.0241111
6690 1.49822 -0.236715 0.023355
6700 1.51882 -0.237637 0.0234464
6710 1.4877 -0.229619 0.0241205
6720 1.51481 -0.235233 0.0239214
6730 1.51678 -0.23496 0.0240942
6740 1.51087 -0.237845 0.023662
6750 1.50464 -0.233854 0.0240749
6760 1.50862 -0.236941 0.0236176
6770 1.4837 -0.238012 0.0231158
6780 1.505 -0.234408 0.0240756
6790 1.50096 -0.235627 0.0239988
6800 1.52591 -0.238329 0.0240573
6810 1.51222 -0.236248 0.0242204
6820 1.53505 -0.235084 0.024889
6830 1.53142 -0.235851 0.0245452
6840 1.49851 -0.232787 0.0240078
6850 1.53358 -0.235547 0.0241047
6860 1.49365 -0.239484 0.0230214
6870 1.49252 -0.238773 0.0231691
6880 1.4857 -0.233256 0.0239446
6890 1.49158 -0.236331 0.0240084
6900 1.49506 -0.237165 0.0241509
6910 1.50453 -0.24031 0.0239591
6920 1.50725 -0.241307 0.0237819
6930 1.5348 -0.239622 0.0245258
6940 1.53035 -0.240345 0.024451
6950 1.53594 -0.239264 0.0247444
6960 1.54121 -0.240337 0.0246579
6970 1.56024 -0.236067 0.02558
6980 1.51974 -0.237794 0.0245597
6990 1.5122 -0.233903 0.0250345
7000 1.5181 -0.235434 0.0246985
7010 1.52731 -0.239053 0.024087
7020 1.52283 -0.239772 0.0240276
7030 1.52415 -0.235837 0.0246008
7040 1.50305 -0.237048 0.0241968
7050 1.51389 -0.234143 0.0246777
7060 1.53246 -0.235812 0.0246503
7070 1.52952 -0.237026 0.0243456
7080 1.51547 -0.235223 0.0243126
7090 1.51467 -0.24037 0.0234815
7100 1.51963 -0.236996 0.0241669
7110 1.51331 -0.232582 0.0247951
7120 1.48996 -0.237813 0.0239271
7130 1.50367 -0.236153 0.0242853
7140 1.4891 -0.237707 0.0235887
7150 1.50138 -0.235173 0.023915
7160 1.53984 -0.235631 0.0243064
7170 1.52557 -0.234152 0.0240536
7180 1.50705 -0.240087 0.0231273
7190 1.4867 -0.232062 0.0241257
7200 1.48284 -0.235216 0.0238036
7210 1.49338 -0.235442 0.024008
7220 1.47259 -0.233492 0.0240348
7230 1.47187 -0.236762 0.0235539
7240 1.48785 -0.237236 0.0238688
7250 1.50457 -0.231016 0.0249004
7260 1.50766 -0.232657 0.0247366
7270 1.49633 -0.233132 0.0241875
7280 1.49118 -0.230968 0.0240272
7290 1.50807 -0.235049 0.0235372
7300 1.51347 -0.237043 0.0233189
7310 1.49966 -0.232471 0.0237403
7320 1.5117 -0.233736 0.0237907
7330 1.49155 -0.228501 0.024149
7340 1.50812 -0.231784 0.0239147
7350 1.51127 -0.232389 0.0239711
7360 1.48106 -0.230588 0.0237164
7370 1.51431 -0.233382 0.0239336
7380 1.52039 -0.232656 0.0241512
7390 1.51236 -0.230991 0.0243287
7400 1.50393 -0.23421 0.0238259
7410 1.51646 -0.232918 0.0242831
7420 1.51283 -0.233865 0.0240102
7430 1.50414 -0.228886 0.0245199
7440 1.50968 -0.235397 0.0240657
7450 1.51664 -0.235865 0.02426
7460 1.4958 -0.238041 0.0235744
7470 1.49485 -0.234869 0.0240287
7480 1.49551 -0.238034 0.0237196
7490 1.49853 -0.235501 0.0240853
7500 1.47998 -0.238046 0.0235836
7510 1.52458 -0.236235 0.0246216
7520 1.50753 -0.237102 0.0240063
7530 1.49681 -0.237823 0.0235421
7540 1.50055 -0.237238 0.0237245
7550 1.51567 -0.238156 0.024026
7560 1.51823 -0.238142 0.0238597
7570 1.47559 -0.231885 0.0236351
7580 1.47802 -0.233467 0.0235146
7590 1.47972 -0.227712 0.0243564
7600 1.49811 -0.22788 0.024704
7610 1.52541 -0.229693 0.0249686
7620 1.49532 -0.229987 0.0244755
7630 1.50001 -0.225587 0.0252424
7640 1.53065 -0.223374 0.0258949
7650 1.50259 -0.231019 0.0242635
7660 1.50086 -0.232198 0.023833
7670 1.48256 -0.23101 0.0238956
7680 1.50488 -0.232378 0.024154
7690 1.4813 -0.234887 0.02342
7700 1.48037 -0.23553 0.0234559
7710 1.48335 -0.231147 0.0243703
7720 1.49442 -0.233216 0.0242601
7730 1.50845 -0.234744 0.0242331
7740 1.49036 -0.236335 0.0235773
7750 1.49861 -0.236655 0.0233037
7760 1.51243 -0.236952 0.0233062
7770 1.50914 -0.229947 0.0245006
7780 1.50547 -0.229506 0.0246392
7790 1.51396 -0.233866 0.0240246
7800 1.50566 -0.2332 0.0238101
7810 1.53382 -0.229062 0.0247307
7820 1.51271 -0.23058 0.024246
7830 1.5092 -0.234431 0.0237146
7840 1.49975 -0.229665 0.0243255
7850 1.49708 -0.227389 0.0246647
7860 1.50422 -0.232468 0.0242141
7870 1.50676 -0.231314 0.0245971
7880 1.49368 -0.231027 0.0244311
7890 1.48458 -0.227892 0.0246943
7900 1.4782 -0.231975 0.0240021
7910 1.49572 -0.234525 0.0239583
7920 1.48573 -0.231785 0.0242407
7930 1.47489 -0.240015 0.0231118
7940 1.47198 -0.233119 0.0239731
7950 1.48529 -0.232199 0.0242606
7960 1.49052 -0.240027 0.0231899
7970 1.50842 -0.237872 0.023653
7980 1.50244 -0.237432 0.0235732
7990 1.52037 -0.237373 0.0236859
8000 1.50658 -0.239378 0.0233309
8010 1.50949 -0.241803 0.0233274
8020 1.51352 -0.241131 0.0237236
8030 1.50676 -0.238677 0.0241754
8040 1.5206 -0.239053 0.0243874
8050 1.49664 -0.23304 0.0245759
8060 1.50036 -0.237982 0.0239511
8070 1.47468 -0.240048 0.0233471
8080 1.51524 -0.242282 0.0237605
8090 1.53563 -0.241792 0.0241093
8100 1.50455 -0.237424 0.024011
8110 1.50181 -0.237373 0.0239314
8120 1.5073 -0.234823 0.0243917
8130 1.50596 -0.229474 0.0250312
8140 1.51405 -0.230997 0.0250473
8150 1.5048 -0.228715 0.025121
8160 1.47911 -0.237297 0.0234289
8170 1.54572 -0.24047 0.0241866
8180 1.50503 -0.234926 0.0243309
8190 1.51391 -0.229686 0.0252581
8200 1.48506 -0.238133 0.0236308
8210 1.49449 -0.236189 0.0238172
8220 1.49145 -0.235091 0.023912
8230 1.50281 -0.236611 0.0237098
8240 1.49783 -0.235514 0.0234529
8250 1.50836 -0.234452 0.0237483
8260 1.48395 -0.231045 0.0237872
8270 1.5071 -0.230851 0.0240322
8280 1.48186 -0.23165 0.0233396
8290 1.49707 -0.238091 0.0227794
8300 1.50111 -0.232325 0.0237987
8310 1.5058 -0.233492 0.0240834
8320 1.49764 -0.233298 0.0242758
8330 1.47783 -0.237471 0.0234733
8340 1.50221 -0.231785 0.0245576
8350 1.5065 -0.236369 0.0241683
8360 1.50016 -0.238007 0.0241208
8370 1.50683 -0.226416 0.0260902
8380 1.49389 -0.234537 0.0247365
8390 1.47329 -0.233677 0.0242665
8400 1.50602 -0.235124 0.0244572
8410 1.50766 -0.236262 0.0241799
8420 1.49845 -0.233653 0.0242303
8430 1.50421 -0.234066 0.0240006
8440 1.51777 -0.236879 0.023599
8450 1.50163 -0.236762 0.0232011
8460 1.50691 -0.231836 0.023721
8470 1.49926 -0.232372 0.0235666
8480 1.49509 -0.232574 0.0235712
8490 1.49338 -0.233271 0.0235621
8500 1.50269 -0.232212 0.0238833
8510 1.53128 -0.233761 0.0243832
8520 1.51928 -0.232619 0.0247036
8530 1.49472 -0.229337 0.0249544
8540 1.48091 -0.232359 0.0242552
8550 1.51986 -0.235039 0.024347
8560 1.50263 -0.234702 0.0239114
8570 1.49318 -0.235321 0.0235625
8580 1.53848 -0.232758 0.0247784
8590 1.4998 -0.237766 0.02355
8600 1.50628 -0.235172 0.0241547
8610 1.46851 -0.234139 0.0237329
8620 1.48669 -0.232085 0.0242283
8630 1.50896 -0.237573 0.0238155
8640 1.53482 -0.235087 0.0246429
8650 1.51447 -0.236666 0.0241175
8660 1.48244 -0.237923 0.0233327
8670 1.50616 -0.236839 0.0237307
8680 1.48034 -0.235301 0.0234042
8690 1.50477 -0.233915 0.0240669
8700 1.51561 -0.231998 0.0246455
8710 1.49464 -0.236769 0.0237022
8720 1.50955 -0.238897 0.023702
8730 1.51798 -0.234496 0.0243442
8740 1.51494 -0.23526 0.0243214
8750 1.52948 -0.236109 0.0245378
8760 1.53959 -0.237503 0.0245801
8770 1.51025 -0.231005 0.02506
8780 1.49441 -0.237152 0.0238544
8790 1.48823 -0.239987 0.0231591
8800 1.49568 -0.239672 0.023465
8810 1.5011 -0.234752 0.0242844
8820 1.48071 -0.238543 0.023413
8830 1.50302 -0.239559 0.0237286
8840 1.51274 -0.235757 0.0246181
8850 1.47381 -0.226684 0.0251111
8860 1.48126 -0.236788 0.0237494
8870 1.50959 -0.235668 0.0242711
8880 1.50945 -0.236599 0.0241181
8890 1.50185 -0.237994 0.0239763
8900 1.5011 -0.238261 0.0240632
8910 1.50198 -0.23572 0.0245975
8920 1.49427 -0.234392 0.0248299
8930 1.51424 -0.235587 0.024792
8940 1.50716 -0.238625 0.0240603
8950 1.51518 -0.234302 0.0245761
8960 1.51172 -0.239739 0.023626
8970 1.48674 -0.233886 0.0239079
8980 1.49368 -0.231381 0.0243737
8990 1.50216 -0.2292 0.0248594
9000 1.51862 -0.23151 0.0250265
9010 1.49768 -0.237661 0.0239405
9020 1.51919 -0.235964 0.0245223
9030 1.51585 -0.236602 0.0241987
9040 1.51713 -0.237706 0.0238585
9050 1.48378 -0.240146 0.0231047
9060 1.4788 -0.237955 0.0234622
9070 1.51582 -0.237188 0.0242734
9080 1.5055 -0.237902 0.0240232
9090 1.51402 -0.236254 0.024425
9100 1.51559 -0.23451 0.0247108
9110 1.51507 -0.241978 0.0239828
9120 1.52058 -0.241992 0.0242575
9130 1.51945 -0.240814 0.0245655
9140 1.51443 -0.241416 0.0243761
9150 1.49808 -0.237968 0.0245089
9160 1.50527 -0.239159 0.0243451
9170 1.50008 -0.239026 0.0242278
9180 1.50744 -0.236883 0.0243901
9190 1.51186 -0.240154 0.0238322
9200 1.4943 -0.243499 0.0231216
9210 1.49843 -0.241367 0.0235224
9220 1.48435 -0.242828 0.0230733
9230 1.50306 -0.244496 0.0232986
9240 1.51222 -0.243237 0.0239311
9250 1.47816 -0.240281 0.0240177
9260 1.48558 -0.239799 0.0243592
9270 1.50802 -0.241831 0.0244001
9280 1.4918 -0.245041 0.0235229
9290 1.50734 -0.243568 0.0236384
9300 1.49339 -0.240529 0.0234842
9310 1.49097 -0.240616 0.0232832
9320 1.51077 -0.243412 0.0232471
9330 1.49946 -0.239896 0.0235292
9340 1.51964 -0.24113 0.0238506
9350 1.51824 -0.242325 0.0237891
9360 1.49712 -0.235368 0.0244673
9370 1.47384 -0.236916 0.0239003
9380 1.52143 -0.242843 0.0239776
9390 1.49517 -0.239776 0.0241054
9400 1.48034 -0.241475 0.0237612
9410 1.4797 -0.24244 0.0237524
9420 1.48345 -0.244459 0.0236152
9430 1.49468 -0.239965 0.0244792
9440 1.48367 -0.240916 0.0243283
9450 1.48519 -0.239015 0.0248761
9460 1.48865 -0.248436 0.023745
9470 1.4777 -0.244931 0.0237437
9480 1.49942 -0.246778 0.0238336
9490 1.46585 -0.246734 0.0235318
9500 1.48324 -0.239165 0.0249728
9510 1.49262 -0.245177 0.0243243
9520 1.48793 -0.242395 0.024527
9530 1.48653 -0.247743 0.0237151
9540 1.49836 -0.242331 0.0243839
9550 1.51698 -0.247448 0.023936
9560 1.52538 -0.24991 0.0238253
9570 1.48949 -0.248981 0.0232331
9580 1.45531 -0.248837 0.0225533
9590 1.4813 -0.244597 0.0235459
9600 1.51112 -0.246696 0.0235318
9610 1.50752 -0.24643 0.0232936
9620 1.47307 -0.240639 0.0233218
9630 1.48079 -0.240948 0.0233671
9640 1.48601 -0.240505 0.0234437
9650 1.52089 -0.23758 0.0245354
9660 1.49765 -0.236053 0.0243966
9670 1.48744 -0.238508 0.0239731
9680 1.50236 -0.242274 0.0238498
9690 1.47669 -0.243413 0.0232632
9700 1.50824 -0.243006 0.0239196
9710 1.48596 -0.239452 0.0241275
9720 1.48579 -0.238912 0.0241737
9730 1.50775 -0.241156 0.0241921
9740 1.50128 -0.24511 0.0236003
9750 1.48583 -0.242389 0.0239027
9760 1.48707 -0.246312 0.023721
9770 1.51533 -0.240389 0.0251874
9780 1.51466 -0.240163 0.0251998
9790 1.47863 -0.24192 0.0243907
9800 1.47964 -0.24631 0.0237978
9810 1.47712 -0.248817 0.0233726
9820 1.49649 -0.249892 0.0235068
9830 1.49683 -0.244577 0.024157
9840 1.5384 -0.245896 0.024727
9850 1.48813 -0.245865 0.0236612
9860 1.51006 -0.241296 0.0244737
9870 1.51884 -0.242509 0.0246284
9880 1.49567 -0.248351 0.0235479
9890 1.51689 -0.249512 0.0238687
9900 1.51049 -0.240361 0.0250583
9910 1.50454 -0.244329 0.0244945
9920 1.5106 -0.244586 0.0245823
9930 1.48619 -0.244089 0.0242329
9940 1.49382 -0.240993 0.0246192
9950 1.4998 -0.248241 0.0234519
9960 1.48562 -0.242306 0.0236189
9970 1.50725 -0.241378 0.0238445
9980 1.4881 -0.240776 0.0234929
9990 1.52329 -0.241524 0.0238858
10000 1.4865 -0.23932 0.0234303
10010 1.49305 -0.243379 0.0229991
10020 1.50296 -0.240154 0.0235703
10030 1.49375 -0.238139 0.0236034
10040 1.50958 -0.237313 0.0239145
10050 1.50324 -0.239407 0.0236624
10060 1.48959 -0.238337 0.0237622
10070 1.50141 -0.239232 0.0238349
10080 1.49679 -0.232058 0.0245846
10090 1.51233 -0.236432 0.0245078
10100 1.47295 -0.238307 0.023696
10110 1.4853 -0.240248 0.0234972
