# Time-averaged data for fix myat1
# TimeStep v_kinetic_energy v_potential_energy v_pressure
100 0.830557 0 0.00253781
200 2.44114 -0.0421351 0.00720066
300 0.956718 -0.0303727 0.00268917
400 1.53418 -0.0289146 0.00446853
500 1.12249 -0.0625182 0.00326693
600 1.6918 -0.0498392 0.00488089
700 1.3301 0 0.00406419
800 2.17924 0 0.0066588
900 1.93408 -0.0334556 0.00566508
1000 1.54953 0 0.00473466
1100 1.69381 -0.0271037 0.00496313
1200 1.66617 -0.0386946 0.00481959
1300 1.77804 -0.0263771 0.00522305
1400 2.05526 0 0.00627995
1500 1.52053 0 0.00464607
1600 1.64563 0 0.00502831
1700 2.28693 0 0.00698783
1800 2.32148 0 0.00709341
1900 1.00962 0 0.00308496
2000 1.97849 0 0.00604539
2100 1.61751 0 0.00494239
2200 1.50912 0 0.00461119
2300 2.07042 0 0.00632627
2400 2.02854 0 0.00619831
2500 2.19509 0 0.00670721
2600 2.02645 0 0.00619194
2700 1.26589 0 0.00386801
2800 1.47203 0 0.00449786
2900 1.8737 0 0.00572521
3000 1.98614 0 0.00606877
3100 1.24986 0 0.00381901
3200 1.30761 0 0.00399549
3300 1.55364 0 0.00474724
3400 1.57938 0 0.00482588
3500 1.15808 0 0.00353859
3600 1.01751 0 0.00310905
3700 1.23502 0 0.00377368
3800 1.36194 0 0.00416149
3900 1.78955 0 0.00546808
4000 1.24746 0 0.00381167
4100 1.70843 0 0.00522019
4200 1.52118 0 0.00464804
4300 1.28943 0 0.00393993
4400 0.906309 0 0.00276928
4500 0.910104 0 0.00278087
4600 1.29117 0 0.00394523
4700 1.22037 0 0.00372892
4800 1.54145 0 0.00470997
4900 1.05713 0 0.00323011
5000 2.30574 0 0.00704533
5100 1.10555 0 0.00337808
5200 0.897393 0 0.00274203
5300 2.15011 0 0.00656979
5400 1.59261 0 0.00486632
5500 1.0193 0 0.00311454
5600 1.91812 0 0.00586094
5700 1.92276 0 0.0058751
5800 2.04367 0 0.00624455
5900 1.56804 0 0.00479124
6000 1.42993 0 0.00436923
6100 0.868722 0 0.00265443
6200 1.14119 0 0.00348697
6300 2.02843 0 0.00619798
6400 1.58505 0 0.00484321
6500 1.53852 0 0.00470103
6600 1.48593 0 0.00454034
6700 1.3598 0 0.00415496
6800 1.35738 0 0.00414755
6900 1.1355 0 0.0034696
7000 2.00801 0 0.00613558
7100 1.1068 0 0.00338188
7200 1.31463 0 0.00401694
7300 1.12825 0 0.00344744
7400 2.35861 0 0.00720686
7500 1.43845 0 0.00439526
7600 1.33936 0 0.0040925
7700 1.14617 0 0.00350218
7800 1.6224 0 0.00495732
7900 1.55471 0 0.00475049
8000 1.61595 0 0.00493762
8100 1.81668 0 0.00555098
8200 1.31777 0 0.00402652
8300 1.01478 0 0.00310071
8400 1.50057 0 0.00458506
8500 1.28546 0 0.00392778
8600 1.94618 0 0.00594667
8700 1.54018 0 0.00470611
8800 2.0882 0 0.00638062
8900 1.26615 0 0.0038688
9000 1.35292 0 0.00413391
9100 1.09849 0 0.00335651
9200 1.57145 0 0.00480166
9300 0.903371 0 0.0027603
9400 1.70336 0 0.00520471
9500 1.22358 0 0.00373872
9600 1.6523 0 0.00504871
9700 1.39868 0 0.00427375
9800 1.50291 0 0.00459223
9900 1.8728 0 0.00572246
10000 1.8757 0 0.00573131
