# Time-averaged data for fix myat1
# TimeStep v_solvent_right
0 550
1000 550
2000 550
3000 550
4000 550
5000 550
6000 550
7000 550
8000 550
9000 550
10000 550
11000 550
12000 550
13000 550
14000 550
15000 550
16000 550
17000 550
18000 550
19000 550
20000 550
21000 550
22000 550
23000 550
24000 550
25000 550
26000 550
27000 550
28000 550
29000 550
30000 550
31000 550
32000 550
33000 550
34000 550
35000 550
36000 550
37000 550
38000 550
39000 550
40000 550
41000 550
42000 550
43000 550
44000 550
45000 550
46000 550
47000 550
48000 550
49000 550
50000 550
51000 550
52000 550
53000 550
54000 550
55000 550
56000 550
57000 550
58000 550
59000 550
60000 550
61000 550
62000 550
63000 550
64000 550
65000 550
66000 550
67000 550
68000 550
69000 550
70000 550
71000 550
72000 550
73000 550
74000 550
75000 550
76000 550
77000 550
78000 550
79000 550
80000 550
81000 550
82000 550
83000 550
84000 550
85000 550
86000 550
87000 550
88000 550
89000 550
90000 550
91000 550
92000 550
93000 550
94000 550
95000 550
96000 550
97000 550
98000 550
99000 550
100000 550
101000 550
102000 550
103000 550
104000 550
105000 550
106000 550
107000 550
108000 550
109000 550
110000 550
111000 550
112000 550
113000 550
114000 550
115000 550
116000 550
117000 550
118000 550
119000 550
120000 550
121000 550
122000 550
123000 550
124000 550
125000 550
126000 550
127000 550
128000 550
129000 550
130000 550
131000 550
132000 550
133000 550
134000 550
135000 550
136000 550
137000 550
138000 550
139000 550
140000 550
141000 550
142000 550
143000 550
144000 550
145000 550
146000 550
147000 550
148000 550
149000 550
150000 550
151000 550
152000 550
153000 550
154000 550
155000 550
156000 550
157000 550
158000 550
159000 550
160000 550
161000 550
162000 550
163000 550
164000 550
165000 550
166000 550
167000 550
168000 550
169000 550
170000 550
171000 550
172000 550
173000 550
174000 550
175000 550
176000 550
177000 550
178000 550
179000 550
180000 550
181000 550
182000 550
183000 550
184000 550
185000 550
186000 550
187000 550
188000 550
189000 550
190000 550
191000 550
192000 550
193000 550
194000 550
195000 550
196000 550
197000 550
198000 550
199000 550
200000 550
201000 550
202000 550
203000 550
204000 550
205000 550
206000 550
207000 550
208000 550
209000 550
210000 550
211000 550
212000 550
213000 550
214000 550
215000 550
216000 550
217000 550
218000 550
219000 550
220000 550
221000 550
222000 550
223000 550
224000 550
225000 550
226000 550
227000 550
228000 550
229000 550
230000 550
231000 550
232000 550
233000 550
234000 550
235000 550
236000 550
237000 550
238000 550
239000 550
240000 550
241000 550
242000 550
243000 550
244000 550
245000 550
246000 550
247000 550
248000 550
249000 550
250000 550
251000 550
252000 550
253000 550
254000 550
255000 550
256000 550
257000 550
258000 550
259000 550
260000 550
261000 550
262000 550
263000 550
264000 550
265000 550
266000 550
267000 550
268000 550
269000 550
270000 550
271000 550
272000 550
273000 550
274000 550
275000 550
276000 550
277000 550
278000 550
279000 550
280000 550
281000 550
282000 550
283000 550
284000 550
285000 550
286000 550
287000 550
288000 550
289000 550
290000 550
291000 550
292000 550
293000 550
294000 550
295000 550
296000 550
297000 550
298000 550
299000 550
300000 550
301000 550
302000 550
303000 550
304000 550
305000 550
306000 550
307000 550
308000 550
309000 550
310000 550
311000 550
312000 550
313000 550
314000 550
315000 550
316000 550
317000 550
318000 550
319000 550
320000 550
321000 550
322000 550
323000 550
324000 550
325000 550
326000 550
327000 550
328000 550
329000 550
330000 550
331000 550
332000 550
333000 550
334000 550
335000 550
336000 550
337000 550
338000 550
339000 550
340000 550
341000 550
342000 550
343000 550
344000 550
345000 550
346000 550
347000 550
348000 550
349000 550
350000 550
351000 550
352000 550
353000 550
354000 550
355000 550
356000 550
357000 550
358000 550
359000 550
360000 550
361000 550
362000 550
363000 550
364000 550
365000 550
366000 550
367000 550
368000 550
369000 550
370000 550
371000 550
372000 550
373000 550
374000 550
375000 550
376000 550
377000 550
378000 550
379000 550
380000 550
381000 550
382000 550
383000 550
384000 550
385000 550
386000 550
387000 550
388000 550
389000 550
390000 550
391000 550
392000 550
393000 550
394000 550
395000 550
396000 550
397000 550
398000 550
399000 550
400000 550
401000 550
402000 550
403000 550
404000 550
405000 550
406000 550
407000 550
408000 550
409000 550
410000 550
411000 550
412000 550
413000 550
414000 550
415000 550
416000 550
417000 550
418000 550
419000 550
420000 550
421000 550
422000 550
423000 550
424000 550
425000 550
426000 550
427000 550
428000 550
429000 550
430000 550
431000 550
432000 550
433000 550
434000 550
435000 550
436000 550
437000 550
438000 550
439000 550
440000 550
441000 550
442000 550
443000 550
444000 550
445000 550
446000 550
447000 550
448000 550
449000 550
450000 550
451000 550
452000 550
453000 550
454000 550
455000 550
456000 550
457000 550
458000 550
459000 550
460000 550
461000 550
462000 550
463000 550
464000 550
465000 550
466000 550
467000 550
468000 550
469000 550
470000 550
471000 550
472000 550
473000 550
474000 550
475000 550
476000 550
477000 550
478000 550
479000 550
480000 550
481000 550
482000 550
483000 550
484000 550
485000 550
486000 550
487000 550
488000 550
489000 550
490000 550
491000 550
492000 550
493000 550
494000 550
495000 550
496000 550
497000 550
498000 550
499000 550
500000 550
