100.0 0.0130393
200.0 0.0134009
300.0 0.0138344
400.0 0.0141709
500.0 0.0144693
600.0 0.0147214
700.0 0.0149269
800.0 0.0150757
900.0 0.0151502
1000.0 0.0151341
1100.0 0.0150362
1200.0 0.0149404
1300.0 0.0148844
1400.0 0.0147925
1500.0 0.0146524
1600.0 0.0145279
1700.0 0.0143919
1800.0 0.0142557
1900.0 0.0141328
2000.0 0.0140616
2100.0 0.0140222
2200.0 0.0139554
2300.0 0.0139074
2400.0 0.0138629
2500.0 0.0137841
2600.0 0.0136946
2700.0 0.0135849
2800.0 0.0135191
2900.0 0.0135113
3000.0 0.0135196
3100.0 0.0135482
3200.0 0.0136142
3300.0 0.0136971
3400.0 0.0137934
3500.0 0.0139107
3600.0 0.0139999
3700.0 0.0140599
3800.0 0.0140969
3900.0 0.0141486
4000.0 0.0142307
4100.0 0.0143264
4200.0 0.0144603
4300.0 0.0146135
4400.0 0.0147912
4500.0 0.0149988
4600.0 0.0152301
4700.0 0.0154232
4800.0 0.0155808
4900.0 0.015721
5000.0 0.0158389
5100.0 0.0159386
5200.0 0.0160127
5300.0 0.0161047
5400.0 0.0162768
5500.0 0.0164485
5600.0 0.0166316
5700.0 0.0167648
5800.0 0.0168069
5900.0 0.0168018
6000.0 0.016782
6100.0 0.0167837
6200.0 0.0168434
6300.0 0.0169722
6400.0 0.0171345
6500.0 0.0172711
6600.0 0.0173344
6700.0 0.0173433
6800.0 0.0173432
6900.0 0.0173069
7000.0 0.0172425
7100.0 0.0171617
7200.0 0.0170436
7300.0 0.0168956
7400.0 0.0168006
7500.0 0.0168064
7600.0 0.0168778
7700.0 0.0169642
7800.0 0.0170509
7900.0 0.0171323
8000.0 0.017249
8100.0 0.0174012
8200.0 0.0175459
8300.0 0.0177079
8400.0 0.0178432
8500.0 0.0179551
8600.0 0.018062
8700.0 0.0181603
8800.0 0.0182188
8900.0 0.0182864
9000.0 0.0183989
9100.0 0.0185174
9200.0 0.0185887
9300.0 0.0186383
9400.0 0.0187545
9500.0 0.0188734
9600.0 0.0189362
9700.0 0.019058
9800.0 0.0192287
9900.0 0.0194083
10000.0 0.0196642
10100.0 0.0199571
10200.0 0.0202161
10300.0 0.0203979
10400.0 0.0204681
10500.0 0.0205413
10600.0 0.0207706
10700.0 0.0210386
10800.0 0.0213166
10900.0 0.0214862
11000.0 0.0215253
11100.0 0.0214913
11200.0 0.0214685
11300.0 0.0214015
11400.0 0.0212258
11500.0 0.0210401
11600.0 0.0208158
11700.0 0.0206251
11800.0 0.0205191
11900.0 0.0204531
12000.0 0.0204221
12100.0 0.0204613
12200.0 0.0204708
12300.0 0.0204253
12400.0 0.0204051
12500.0 0.0204129
12600.0 0.0204516
12700.0 0.0205345
12800.0 0.0206396
12900.0 0.0207307
13000.0 0.0207987
13100.0 0.0208846
13200.0 0.0209932
13300.0 0.0210822
13400.0 0.021177
13500.0 0.0212284
13600.0 0.0212657
13700.0 0.0212959
13800.0 0.0212629
13900.0 0.021203
14000.0 0.0211456
14100.0 0.0210404
14200.0 0.0209088
14300.0 0.0207752
14400.0 0.0206638
14500.0 0.0206299
14600.0 0.0207283
14700.0 0.0208115
14800.0 0.0208522
14900.0 0.0208701
15000.0 0.0208973
15100.0 0.0209262
15200.0 0.0209794
15300.0 0.0210624
15400.0 0.0210997
15500.0 0.0212317
15600.0 0.0214626
15700.0 0.0216757
15800.0 0.0218488
15900.0 0.0219671
16000.0 0.0220522
16100.0 0.0220857
16200.0 0.0219855
16300.0 0.0218853
16400.0 0.0218158
16500.0 0.0217042
16600.0 0.021562
16700.0 0.0214513
16800.0 0.0213558
16900.0 0.0213424
17000.0 0.0213192
17100.0 0.0213124
17200.0 0.0213988
17300.0 0.0216006
17400.0 0.0218636
17500.0 0.0221533
17600.0 0.0223765
17700.0 0.0225084
17800.0 0.0226025
17900.0 0.0226894
18000.0 0.0228073
18100.0 0.0230004
18200.0 0.0232621
18300.0 0.0235176
18400.0 0.0236481
18500.0 0.0236573
18600.0 0.0236058
18700.0 0.0235511
18800.0 0.0234574
18900.0 0.0233676
19000.0 0.0231747
19100.0 0.0229009
19200.0 0.0227675
19300.0 0.0227366
19400.0 0.0226685
19500.0 0.0225954
19600.0 0.0225338
19700.0 0.022548
19800.0 0.0226525
19900.0 0.0227251
20000.0 0.0227887
20100.0 0.0228175
20200.0 0.0228274
20300.0 0.0228859
20400.0 0.022939
20500.0 0.0230073
20600.0 0.0230394
20700.0 0.023075
20800.0 0.0231042
20900.0 0.0230878
21000.0 0.0230831
21100.0 0.02309
21200.0 0.0231476
21300.0 0.0232156
21400.0 0.0232392
21500.0 0.0232056
21600.0 0.023057
21700.0 0.0228687
21800.0 0.0227119
21900.0 0.0226402
22000.0 0.0226927
22100.0 0.022763
22200.0 0.0228467
22300.0 0.0229869
22400.0 0.0232211
22500.0 0.023492
22600.0 0.0237246
22700.0 0.0238264
22800.0 0.0238592
22900.0 0.0238329
23000.0 0.0236905
23100.0 0.0234908
23200.0 0.0232993
23300.0 0.0231143
23400.0 0.0228935
23500.0 0.0226921
23600.0 0.0225513
23700.0 0.0224348
23800.0 0.0224174
23900.0 0.0225705
24000.0 0.0228363
24100.0 0.023059
24200.0 0.0232088
24300.0 0.0233589
24400.0 0.023501
24500.0 0.0236613
24600.0 0.0238534
24700.0 0.024054
24800.0 0.024304
24900.0 0.0244355
25000.0 0.0243427
25100.0 0.0241915
25200.0 0.0240144
25300.0 0.0238932
25400.0 0.0237883
25500.0 0.0236549
25600.0 0.0235671
25700.0 0.0234853
25800.0 0.0234833
25900.0 0.0236039
26000.0 0.0237399
26100.0 0.0238699
26200.0 0.0240101
26300.0 0.0241635
26400.0 0.024257
26500.0 0.0243691
26600.0 0.0244825
26700.0 0.024551
26800.0 0.02456
26900.0 0.0244887
27000.0 0.0243127
27100.0 0.0240809
27200.0 0.0237705
27300.0 0.0234981
27400.0 0.02337
27500.0 0.023361
27600.0 0.0233672
27700.0 0.0234269
27800.0 0.0234892
27900.0 0.0234917
28000.0 0.023455
28100.0 0.0233952
28200.0 0.0233574
28300.0 0.0232964
28400.0 0.0232402
28500.0 0.02326
28600.0 0.0233372
28700.0 0.0234183
28800.0 0.0235814
28900.0 0.0237937
29000.0 0.0239524
29100.0 0.0240507
29200.0 0.0241311
29300.0 0.0242543
29400.0 0.024353
29500.0 0.0243875
29600.0 0.0243606
29700.0 0.0242515
29800.0 0.024109
29900.0 0.0239921
30000.0 0.0239036
30100.0 0.0238638
30200.0 0.0238036
30300.0 0.0236856
30400.0 0.0235478
30500.0 0.0233996
30600.0 0.0232579
30700.0 0.0231536
30800.0 0.0230875
30900.0 0.0230147
31000.0 0.0229662
31100.0 0.023095
31200.0 0.0232873
31300.0 0.0233672
31400.0 0.0233516
31500.0 0.0233403
31600.0 0.0233858
31700.0 0.0234943
31800.0 0.0236272
31900.0 0.0236743
32000.0 0.0235635
32100.0 0.0232999
32200.0 0.0229634
32300.0 0.0227587
32400.0 0.0226785
32500.0 0.0226577
32600.0 0.0226933
32700.0 0.0227139
32800.0 0.0227432
32900.0 0.0228215
33000.0 0.0228423
33100.0 0.0228149
33200.0 0.0227925
33300.0 0.0226748
33400.0 0.0224778
33500.0 0.0223332
33600.0 0.022219
33700.0 0.0220964
33800.0 0.0220424
33900.0 0.0220943
34000.0 0.0222629
34100.0 0.0224638
34200.0 0.0226451
34300.0 0.0227881
34400.0 0.0229975
34500.0 0.0232876
34600.0 0.0235869
34700.0 0.0237931
34800.0 0.0239434
34900.0 0.0240345
35000.0 0.0240785
35100.0 0.0240298
35200.0 0.0239115
35300.0 0.0237432
35400.0 0.0236034
35500.0 0.0234757
35600.0 0.0233841
35700.0 0.0233257
35800.0 0.0232364
35900.0 0.0231442
36000.0 0.023202
36100.0 0.023358
36200.0 0.0235327
36300.0 0.0237022
36400.0 0.0238005
36500.0 0.0238621
36600.0 0.0239241
36700.0 0.0240027
36800.0 0.0241326
36900.0 0.0242901
37000.0 0.0243887
37100.0 0.0244268
37200.0 0.0244233
37300.0 0.0242916
37400.0 0.0240066
37500.0 0.023701
37600.0 0.0235665
37700.0 0.0236062
37800.0 0.0237288
37900.0 0.0238488
38000.0 0.0239224
38100.0 0.0239565
38200.0 0.0240003
38300.0 0.0240414
38400.0 0.0240612
38500.0 0.0241032
38600.0 0.0240817
38700.0 0.0240497
38800.0 0.0241248
38900.0 0.0242195
39000.0 0.0242349
39100.0 0.02425
39200.0 0.0242691
39300.0 0.024253
39400.0 0.0243193
39500.0 0.0243797
39600.0 0.0242723
39700.0 0.0241408
39800.0 0.0240931
39900.0 0.0240972
40000.0 0.0240649
40100.0 0.0239318
40200.0 0.0237753
40300.0 0.0236432
40400.0 0.0236693
40500.0 0.0237429
40600.0 0.0237428
40700.0 0.0237097
40800.0 0.0236742
40900.0 0.0236268
41000.0 0.023611
41100.0 0.0236266
41200.0 0.0236877
41300.0 0.0237891
41400.0 0.0239284
41500.0 0.0240682
41600.0 0.0242247
41700.0 0.0242722
41800.0 0.0241406
41900.0 0.0239607
42000.0 0.0238638
42100.0 0.023929
42200.0 0.0241655
42300.0 0.0244298
42400.0 0.0246232
42500.0 0.0247995
42600.0 0.0248777
42700.0 0.0247832
42800.0 0.0247633
42900.0 0.0247856
43000.0 0.0247563
43100.0 0.0247014
43200.0 0.0247473
43300.0 0.0248608
43400.0 0.0250082
43500.0 0.025056
43600.0 0.0248907
43700.0 0.0246715
43800.0 0.024491
43900.0 0.024338
44000.0 0.0241642
44100.0 0.0239635
44200.0 0.0239377
44300.0 0.0240811
44400.0 0.0242596
44500.0 0.0244396
44600.0 0.0245329
44700.0 0.0244895
44800.0 0.0244659
44900.0 0.0245887
45000.0 0.024791
45100.0 0.024943
45200.0 0.0251029
45300.0 0.0252113
45400.0 0.0252308
45500.0 0.0251923
45600.0 0.0250746
45700.0 0.0249847
45800.0 0.0248989
45900.0 0.024852
46000.0 0.0249169
46100.0 0.0250568
46200.0 0.0251495
46300.0 0.025074
46400.0 0.0248763
46500.0 0.0245348
46600.0 0.0241447
46700.0 0.0238794
46800.0 0.0238413
46900.0 0.023934
47000.0 0.0240419
47100.0 0.024164
47200.0 0.0242253
47300.0 0.0242644
47400.0 0.0243151
47500.0 0.0243114
47600.0 0.024329
47700.0 0.0243047
47800.0 0.0242816
47900.0 0.0242765
48000.0 0.0242015
48100.0 0.0241449
48200.0 0.0242027
48300.0 0.0243453
48400.0 0.0244091
48500.0 0.0244217
48600.0 0.0244269
48700.0 0.024398
48800.0 0.024292
48900.0 0.0241759
49000.0 0.0240416
49100.0 0.0239862
49200.0 0.0240836
49300.0 0.0242637
49400.0 0.0244593
49500.0 0.024637
49600.0 0.0247682
49700.0 0.0248206
49800.0 0.0248143
49900.0 0.0246927
50000.0 0.0244502
