# Fix print output for fix def1
-5.24383850544675e-16 0.00654420470920043 0.0112769288332696 0.018429685044422
0.000999999999999533 0.0624081394198716 -0.00216322921894863 0.0160839238481453
0.00199999999999959 0.109934617648274 -0.0187951127149528 -0.0313305169438624
0.00299999999999965 0.191247452387742 0.0172493814714977 0.0581080699089107
0.00399999999999936 0.22050485116593 -0.0184191871461625 -0.0110731016342413
0.00499999999999941 0.345382333202616 0.0322302244082449 0.0509586828167257
0.00599999999999947 0.355882606307518 -0.0169253102626921 -0.0111445610974655
0.00699999999999953 0.454097922025874 0.0232455830165822 -0.0100774165310379
0.00799999999999959 0.493903743615397 -0.0223995267475581 0.00512363783919898
0.00899999999999964 0.561203616223288 0.0024779072297241 -0.0117870525541115
0.00999999999999935 0.63310590777519 0.0264310034221866 -0.0250068041818722
0.0109999999999994 0.705547292305914 -0.0297204074612004 -0.00676475687028295
0.0119999999999995 0.791308932285947 -0.00416046233088224 0.000181942696680005
0.0129999999999995 0.838036321665011 -0.0209307579135496 -0.0178722854084094
0.0139999999999996 0.890607623471804 -0.0102651437468145 -0.0184444086642536
0.0149999999999996 0.970009052074405 0.00837402358433734 0.00172136631698297
0.0159999999999993 1.02926970417226 -0.0167877470183217 -0.0278754371076237
0.0169999999999994 1.11182680526349 0.0341277847107767 0.0302129178585128
0.0179999999999995 1.14002892579595 -0.00382463949292714 0.0245301615228747
0.0189999999999995 1.2118471653279 0.035422223137837 -0.014062399974621
0.0199999999999996 1.27343860674529 0.0266409057910587 -0.0310385447707953
0.0209999999999996 1.33143170178288 0.0157066242233806 0.00300169057339482
0.0219999999999993 1.39051269301901 0.0215247432223798 0.02576048883741
0.0229999999999994 1.43791820430809 -0.0262008098591841 -0.00614340025482995
0.0239999999999995 1.54058908263922 0.0117245334933554 0.0103651061612978
0.0249999999999995 1.59417810059077 0.0163885540020888 -0.0141775064928566
0.0259999999999996 1.6507837627187 0.0364180303686849 -0.0130999740151318
0.0269999999999996 1.71030024462444 -0.0131111938110086 0.00775796165105985
0.0279999999999993 1.780682045532 -0.00583560722414159 0.0125317105744769
0.0289999999999994 1.84941369042669 0.0160663283833573 0.0201917008555007
0.0299999999999995 1.88663408780181 -0.00395160999681798 -0.0273002563025116
0.0309999999999995 1.96178913056706 -0.00885378138663403 0.0196649593520733
0.0319999999999996 2.01247843987223 -0.0324309709745794 -0.00925549585577644
0.0329999999999996 2.07586139996023 0.000968853878390065 0.0103401101710071
0.0339999999999993 2.14999844848917 0.00764174694890013 -0.0255913677362832
0.0349999999999994 2.2429861878396 0.0132984881055143 0.0251447544404189
0.0359999999999994 2.27081575332239 -0.0285245456797119 0.0100728687662145
0.0369999999999995 2.33731202602355 0.0177974425080792 0.0097857515637572
0.0379999999999996 2.40554433172209 0.0151326603298267 -0.0300453610837876
0.0389999999999996 2.4553768183816 -0.00657386168365919 -0.00436266012520003
0.0399999999999993 2.51738590792887 0.00119057622116041 0.00662788953390007
0.0409999999999994 2.58356383638497 -0.0100507837476533 0.0021672752006078
0.0419999999999994 2.64480335140142 0.0188594207140543 -0.0205898466149678
0.0429999999999995 2.71931314910845 -0.0209958845981152 -0.0264261212228021
0.0439999999999996 2.77766961223594 0.025797617714163 0.0263377872115997
0.0449999999999996 2.82309969546224 -0.0375068015091745 0.0241105302338467
0.0459999999999993 2.87199667354152 -0.0199453823999887 -0.00630893450919501
0.0469999999999994 2.94478619577094 0.0193220502332875 -0.0145895087501767
0.0479999999999994 3.00153337777497 0.0372542718014078 -0.00760924794704049
0.0489999999999995 3.03656258455221 0.00323394627511466 -0.00161218070069407
0.0499999999999996 3.12750983531411 0.000815102810621066 0.00445111453505852
0.0509999999999996 3.13006705767532 -0.00769073018129731 -0.0231409005547656
0.0519999999999993 3.21482909244038 -0.0153265152383456 0.0104230040951893
0.0529999999999994 3.32085776938757 0.0406648217296821 0.0230503286028215
0.0539999999999994 3.3343090921003 -0.00675162632069554 -0.0280947149469171
0.0549999999999995 3.42639024699665 -0.00544392302254924 0.0253195656239111
0.0559999999999996 3.46173177857692 -0.0370138961146072 0.0172573656045902
0.0569999999999996 3.51001226552515 0.00359442322424119 -0.0231252689187105
0.0579999999999993 3.58835621967734 0.0291669781942231 0.0130647695187208
0.0589999999999994 3.60135626862122 -0.0559421884112934 -0.0282799032151156
0.0599999999999994 3.72978190990961 0.00566872521890963 0.0879084107247045
0.0609999999999995 3.74549778503305 -0.0430556546667938 -0.0430473166363156
0.0619999999999995 3.82935853242559 0.0271380529889698 0.0180746661404765
0.0629999999999996 3.84581847137756 -0.0125220990239494 -0.00613098111332383
0.0639999999999993 3.94193280495246 -0.0630463412063263 -0.00470824870237686
0.0649999999999994 4.01012372731162 0.0361451587266203 0.0648577407165872
0.0659999999999994 4.02576410023161 -0.0104905347576364 -0.0866659414860309
0.0669999999999995 4.14415402831335 0.100416241280108 0.0475292386648008
0.0679999999999995 4.1406553443522 -0.0879955598777841 -0.0374725859170379
0.0689999999999996 4.28794083326361 0.0638570138584941 0.0803528180038687
0.0699999999999993 4.26904692423023 -0.00509841220454787 -0.0271001878050792
0.0709999999999994 4.32640274149214 0.0146075312239827 -0.0204847008250934
0.0719999999999994 4.409226524602 0.0336684904124299 0.0456488976219809
0.0729999999999995 4.39403701888315 -0.0805202917109826 -0.0776723723893346
0.0739999999999995 4.5486605562858 0.044508448202427 0.0842499110654173
0.0749999999999996 4.52501320650484 -0.0608149939589087 -0.0328532557682095
0.0759999999999993 4.63635507715115 0.0247020565462811 0.00272648860931249
0.0769999999999994 4.67735009430132 0.00781004013020808 -0.00175918816991728
0.0779999999999994 4.72364196690093 -0.0422423427911557 -0.05219645774229
0.0789999999999995 4.81680996910733 0.0995554876279611 0.032044199796954
0.0799999999999995 4.8006898999763 -0.0751178413741873 -0.0518697641573093
0.0809999999999996 4.93489057962824 0.0734773793759888 0.0216493116310037
0.0819999999999993 4.94709424564685 -0.0318144903159361 -0.0185499155957975
0.0829999999999994 5.01647309280482 -0.0267933891385328 0.020434286291767
0.0839999999999994 5.05747414648995 0.0210509431287095 0.0131542614740894
0.0849999999999995 5.10640286028243 -0.0349076342303615 -0.0395374120883194
0.0859999999999995 5.17959951313126 0.0679572540559606 0.0394233904559882
0.0869999999999996 5.20444791029099 -0.0560536771683858 -0.0669420528397447
0.0879999999999993 5.33219526214698 0.0370877990008776 0.0505537222771176
0.0889999999999993 5.33963701343331 -0.0198229413259602 0.00564049428363611
0.0899999999999994 5.37197965321029 -0.0125918698175841 -0.011921422956052
0.0909999999999995 5.48192076367295 0.0763763954474529 0.0690219801814574
0.0919999999999995 5.44661685061874 -0.0329658895925712 -0.0782583773682153
0.0929999999999996 5.59686947304112 0.0284155366244866 0.0572589397350339
0.0939999999999993 5.65729729235019 -0.0236843630547533 0.0270688052674399
0.0949999999999993 5.67060632315342 0.0185845950258924 -0.0186348952913208
0.0959999999999994 5.72967005945858 0.0167521941406727 -0.0348512742344422
0.0969999999999995 5.75733944210835 0.00198698455200384 -0.0409361390791515
0.0979999999999995 5.85046701211077 -0.0359125836660385 0.0249945787022787
0.0989999999999996 5.88444220056763 -0.0301343820996169 0.0417161840268046
0.0999999999999995 5.93240879595122 -0.0267782387357349 0.0386614576162292
0.100999999999999 5.97227544324215 -0.0258075882109637 -0.0153501220302166
0.101999999999999 6.06325008861333 0.0488125107269765 -0.0312036661946238
0.102999999999999 6.04195780236787 -0.0293371955646593 -0.0515769877697797
0.104 6.19836173092978 0.0313823023435667 0.0613776752175408
0.105 6.17449806444166 -0.0494268192749423 -0.030043639547083
0.105999999999999 6.28706932257061 0.0139431267039947 0.074165600535355
0.106999999999999 6.30997875875492 -0.0277859826530736 -0.0235171331022328
0.107999999999999 6.39138208006323 0.0478689260980094 -0.00439494807758336
0.108999999999999 6.46007853086935 0.0592853592214435 -0.026678174495699
0.11 6.49232965880826 0.0384598436670131 -0.0449727151050704
0.111 6.53332827677907 0.019469822164126 0.0572752597125466
0.112 6.56341621391679 -0.0770738706540735 -0.0308826360050944
0.112999999999999 6.63125156385866 0.00329996723318778 0.080484500036243
0.113999999999999 6.63773879584479 -0.0355044252756995 -0.00896047192678396
0.114999999999999 6.69222064265003 0.016635971981538 0.0279809100631475
0.116 6.75818869205995 0.0556250919151887 -0.0652195789763856
0.117 6.78862722132964 0.017679077465433 -0.0553453015055003
0.117999999999999 6.88310191137665 0.0496943527014948 0.0093385550839574
0.118999999999999 6.89570946564521 -0.104677279124659 -0.00699991799056052
0.119999999999999 6.99422083541513 0.00154781832991529 0.119866514346815
0.120999999999999 7.00887641875222 -0.00374084676965102 -0.0206396517363162
0.121999999999999 7.07871979557257 0.0253789377178067 -0.0326981275058432
0.123 7.09835253184679 0.0771293310101102 -0.00800802460906632
0.123999999999999 7.15223263704564 -0.0551971046078112 -0.0589805917416314
0.124999999999999 7.26125161814136 0.0669109849084512 0.0787643284294181
0.125999999999999 7.18495797941211 -0.0624246220582735 -0.0155336615525438
0.126999999999999 7.32786056440813 0.0103010330270004 0.075204793212762
0.128 7.29254939905465 -0.0254320579980341 -0.0429355716183846
0.129 7.39853944322989 -0.0206969485729516 -0.00352389988790795
0.13 7.45335922934421 0.0560390183757754 0.0207806334853332
0.130999999999999 7.42657808186185 0.0227805301931589 -0.0565684934343135
0.131999999999999 7.4890967866782 0.00595921962811011 -0.0329320957355285
0.132999999999999 7.51774627777564 -0.0295216629516137 0.0105541629300854
0.133999999999999 7.53987276611935 0.0252958648117312 0.0665331714896799
0.135 7.58962495886286 -0.0629849195767893 -0.0351226938815294
0.136 7.66275964447562 0.0635561594903511 0.0213289184934753
0.136999999999999 7.64650133197926 -0.0403217569424297 -0.0150792903994658
0.137999999999999 7.77754324282118 0.092115871625529 0.0200809252632465
0.138999999999999 7.796805803943 0.00686424401422216 0.00136546482130427
0.139999999999999 7.80925390933102 -0.0285715394134891 -0.0205517845272134
0.141 7.87414768696456 0.0425469034879114 0.0487473938004451
0.141999999999999 7.84159032899521 -0.0602196004395601 -0.0790715201005028
0.142999999999999 7.95403157800291 0.0584901054216567 0.0739219914323515
0.143999999999999 7.89043055358887 -0.0574627330530984 -0.0289205327587272
0.144999999999999 8.06177812494634 0.0346498425254507 0.0553804478058018
0.145999999999999 7.98990264831694 -0.0650437615037098 -0.0219917801572942
0.147 8.06556407777728 0.0418601965834221 0.0461778271394732
0.148 8.00043128646331 0.0113711315075402 -0.00321728949675837
0.148999999999999 7.95110437621318 -0.00437094372045063 -0.0545774368634091
0.149999999999999 7.91177307022227 0.0291562734485908 0.069403625215456
0.150999999999999 7.76346674652544 -0.036089664805846 0.0121031262607096
0.151999999999999 7.47722412550449 -0.0143473744028627 0.0890823543305048
0.153 6.93081781608382 -0.00806773430278101 -0.0142856536238349
0.154 6.40976657116253 -0.0677107057860364 -0.0745148050674556
0.154999999999999 5.77755921647707 0.106519239878514 0.0998299200792629
0.155999999999999 4.89853887188297 -0.0699003720983681 -0.0361059191121098
0.156999999999999 4.00763149754895 0.0240255708812189 0.101637816313043
0.157999999999999 3.14300200672389 -0.0318192601424525 0.0174635626638536
0.159 2.60489608378191 -0.0346813111793348 -0.0729249097179855
0.16 2.40846208184315 0.0741185731827338 0.00111947704126555
0.160999999999999 2.14003379435056 -0.00297737505433627 -0.0386443007515747
0.161999999999999 2.12532258048794 0.0107803809822114 -0.0449965460552392
0.162999999999999 2.19953080208139 -0.00379685545811819 0.0880199571400511
0.163999999999999 2.07516268966172 -0.0849011032443598 -0.0424267254989889
0.165 2.20982071744075 0.0442332917009916 0.123179517991975
0.166 2.00022807277139 -0.0870154035291888 -0.0367107336534493
0.166999999999999 2.00404212506163 0.067524481309219 0.0620354253786354
0.167999999999999 1.99313451996437 -0.00509105643497966 -0.0551537338850136
0.168999999999999 1.95956139531704 0.035816202132633 0.0321744134839014
0.169999999999999 1.87402071533729 -0.0309967984089805 -0.0743015689841406
0.171 1.73178204701505 -0.00135131579867452 0.0715856601741357
0.172 1.66844069403585 -0.0816543833085132 -0.0947324941041934
0.172999999999999 1.66939288037653 0.0391467074346514 0.125357061248981
0.173999999999999 1.52262026661714 -0.0650403260838049 -0.0500791273881689
0.174999999999999 1.44190689276861 0.0513209691642409 0.0301847189388453
0.175999999999999 1.33912342289457 -0.025473788232677 0.0304696040397683
0.177 1.19781807685299 -0.0236537174663795 -0.0736289836174031
0.178 1.22376945596527 0.0282076728285742 0.0625910381225695
0.178999999999999 1.09922734064302 -0.11013366972947 -0.00387423992057914
0.179999999999999 1.09136629508593 0.0910610297116507 0.0880267431717258
0.180999999999999 1.05888953867486 -0.00165586854885987 -0.139104265305911
0.181999999999999 1.1889604303207 0.07155372879966 0.0311790098454272
0.183 1.17573695589346 0.0214664417275424 0.0299979413717824
0.184 1.06390176713178 -0.00481283903749614 -0.0423466927914784
0.184999999999999 1.24058841340406 0.126590133126751 -0.0507576587333035
0.185999999999999 1.04521069238559 0.0945866158656838 -0.0729322411639846
0.186999999999999 0.984128593786993 -0.148503153280181 0.0612109392539653
0.187999999999999 0.913665357716337 0.0489880049965526 0.0411734450299542
0.189 0.807721072241681 -0.10110807917577 -0.0893768680047435
0.19 0.98160973973773 0.0764912009954418 0.0279704584287922
0.190999999999999 0.91803092752579 -0.0574822378142749 -0.0251661470138401
0.191999999999999 1.04454176771333 0.0424096827918255 0.0594856045229033
0.192999999999999 0.949084308152282 0.00779685820948486 -0.090813904094169
0.193999999999999 1.00282821365366 0.0540908305472209 0.052881348077194
0.195 1.01623189475144 -0.0427682129802323 0.0223709687589365
0.196 1.04109160466916 0.0564326330406159 -0.0524558927169243
0.196999999999999 1.0767317550531 0.0736534519171512 -0.0434521280462994
0.197999999999999 1.10085979492219 -0.0180977121669463 0.0543595469384542
0.198999999999999 1.11321218411659 0.0510048244714209 -0.0247758241712543
0.199999999999999 1.09893757911115 -0.00413902378940215 0.0684217877801216
