0.0 1.0 0.0 0.0 0.69987547 0.49165167 1143.0857
1000.0 1.1478644 -0.35554921 0.0 0.44781294 1.1164345 1188.2954
2000.0 1.4952021 -0.48791923 0.0 0.55853604 1.725017 1178.7797
3000.0 1.499513 -0.58592863 0.0 0.46354374 2.0197804 1196.9956
4000.0 1.4933286 -0.63044729 0.0 0.41469674 1.9234751 1237.3853
5000.0 1.4857973 -0.63525437 0.0 0.40461867 1.8924252 1275.7574
6000.0 1.4900965 -0.59172105 0.0 0.45116095 1.9071641 1296.9032
7000.0 1.5239846 -0.56556695 0.0 0.50103246 1.6068184 1315.4211
8000.0 1.5269224 -0.54462653 0.0 0.52402898 1.7238989 1322.094
9000.0 1.562336 -0.53713673 0.0 0.55630393 1.6082752 1325.2881
10000.0 1.5881374 -0.51484048 0.0 0.59665789 1.4704944 1327.0386
11000.0 1.5814442 -0.51970435 0.0 0.58710966 1.6462086 1323.2378
12000.0 1.573653 -0.57641083 0.0 0.52495033 1.6219064 1328.8947
13000.0 1.5829922 -0.52830471 0.0 0.57959266 1.5006407 1331.7689
14000.0 1.5833344 -0.54079567 0.0 0.56734121 1.5270287 1332.9875
15000.0 1.600836 -0.54136609 0.0 0.57901974 1.3979318 1336.6604
16000.0 1.6188904 -0.56195874 0.0 0.5710629 1.4343128 1338.63
17000.0 1.6012308 -0.56555153 0.0 0.55511066 1.5441355 1337.4044
18000.0 1.6244661 -0.52443189 0.0 0.61249211 1.3980148 1338.0769
19000.0 1.6437223 -0.53023552 0.0 0.62016536 1.4781821 1329.3294
20000.0 1.6522717 -0.55923692 0.0 0.59714748 1.4896189 1321.9218
21000.0 1.6245273 -0.58424498 0.0 0.5527218 1.5012309 1321.5295
22000.0 1.6364626 -0.58007596 0.0 0.56524407 1.4836285 1322.6961
23000.0 1.6303219 -0.56331759 0.0 0.57770471 1.5604998 1322.4194
24000.0 1.6214679 -0.53905733 0.0 0.59576824 1.4569677 1325.7982
25000.0 1.6165134 -0.53188635 0.0 0.59947172 1.4680857 1330.5271
