# Time-averaged data for fix at2
# TimeStep f_mysf1[1] f_mysf2[1]
100 -0.298794 -0.00535535
200 0.127517 -0.167912
300 -0.527893 -0.452009
400 0.457223 -0.0703756
500 -0.357922 -0.165372
600 0.391798 1.00659
700 0.624016 -0.421904
800 -1.30194 0.475064
900 2.23652 0.378674
1000 0.0853254 -0.0919066
1100 -0.535467 0.258184
1200 -0.256928 -0.80735
1300 -1.00036 -0.141213
1400 0.552758 0.149658
1500 -0.787063 0.181517
1600 0.733516 0.389296
1700 0.806305 0.192376
1800 0.371182 -0.279061
1900 -0.392664 0.525317
2000 -0.800931 -0.0844141
2100 1.00964 -0.176894
2200 -1.01976 0.209902
2300 -1.01852 -0.824206
2400 1.23191 -1.50768
2500 -0.713121 0.958962
2600 0.115819 1.63158
2700 1.30796 0.370073
2800 -0.863829 -1.53416
2900 -0.742163 0.368484
3000 1.43839 -0.060223
3100 -0.536306 -0.939505
3200 -0.726693 -0.192432
3300 -0.440781 -0.635824
3400 -0.480406 0.60589
3500 0.145859 0.367786
3600 0.144742 0.635573
3700 1.14276 -0.0677447
3800 -0.00367224 -0.0467336
3900 0.0588697 0.040687
4000 -0.337353 0.860777
4100 -1.37386 -1.30008
4200 1.00946 0.0976122
4300 0.518464 0.467258
4400 -0.0261603 -0.81974
4500 -0.0957272 -0.474622
4600 0.260695 0.927556
4700 0.869999 1.34902
4800 0.573617 -0.0798869
4900 -0.952707 0.17116
5000 -0.259759 -0.730094
5100 0.749702 0.551316
5200 -1.32231 -1.41038
5300 0.275397 0.254004
5400 0.866932 1.12815
5500 -0.525976 -0.285103
5600 -0.182473 -0.218023
5700 0.718692 0.406668
5800 0.440307 0.402523
5900 -0.132652 -0.409122
6000 -0.229731 0.0421039
6100 -1.34963 -1.56703
6200 -0.87661 -1.0047
6300 0.685075 1.25403
6400 0.485358 0.413209
6500 0.060868 -1.14483
6600 0.25479 0.759169
6700 0.0208131 0.470522
6800 -0.622122 -0.751155
6900 -0.283215 -0.233506
7000 0.445714 0.986651
7100 -0.858286 -0.751845
7200 -1.14616 -0.67303
7300 1.02593 -0.682038
7400 0.564343 1.424
7500 0.374406 0.951282
7600 1.31512 0.3011
7700 -0.637087 0.18635
7800 0.148442 -1.24524
7900 -0.630657 0.282057
8000 0.315304 0.100659
8100 0.427392 -0.0658514
8200 -0.506694 -0.32578
8300 -0.30788 0.226498
8400 0.78851 0.677744
8500 0.621655 1.19149
8600 0.425732 0.25301
8700 0.0700688 -0.405249
8800 -1.45411 -0.584387
8900 -0.368696 -0.25526
9000 -0.673439 -0.955124
9100 -0.410533 0.753324
9200 1.75962 -0.0887487
9300 0.386942 0.0317729
9400 -0.58386 -0.716379
9500 -0.169906 0.783872
9600 0.823766 0.265337
9700 -0.301111 0.139106
9800 -1.12721 -1.84702
9900 -0.048011 -1.06734
10000 -1.84057 1.03911
10100 0.762467 -0.0566905
10200 0.285213 0.0706766
10300 0.539539 1.02162
10400 0.376855 0.749524
10500 -0.228235 -0.274937
10600 -0.331854 -0.910831
10700 -0.184603 -0.290791
10800 0.288081 0.239454
10900 0.223568 -0.169552
11000 -0.918494 -0.0353209
11100 1.33732 0.0656669
11200 0.611142 0.265004
11300 -0.433612 1.75148
11400 1.19911 0.167744
11500 0.11217 -1.01588
11600 -0.408819 0.503352
11700 -0.742303 -0.425639
11800 -0.37911 -0.748566
11900 -1.05952 1.51098
12000 0.913702 -0.605957
12100 1.2445 -0.601467
12200 -0.561145 0.966978
12300 -0.363258 0.0619247
12400 1.18882 0.404923
12500 0.321838 -1.2713
12600 -1.80899 0.377171
12700 -0.577248 -1.5016
12800 0.244243 -0.594118
12900 -0.0419895 0.410775
13000 -0.00923549 0.695195
13100 0.203053 0.14669
13200 -0.322611 1.60433
13300 0.108293 -0.64983
13400 0.985876 -1.76702
13500 -0.794414 0.310182
13600 -0.629767 1.09126
13700 0.0198991 -1.32136
13800 -0.703631 -0.635476
13900 0.114892 0.670858
14000 0.277865 0.279397
14100 1.87384 1.3173
14200 -0.348187 0.429271
14300 1.16985 -1.24201
14400 -0.923981 1.11694
14500 -1.16544 -0.667284
14600 -0.347893 -0.153387
14700 1.26782 -0.141652
14800 -0.42331 -0.639597
14900 0.454874 1.16426
15000 -0.0498401 0.410772
15100 1.12129 1.00735
15200 -0.676125 -0.155316
15300 -0.31806 -0.264173
15400 1.04418 -1.56993
15500 -1.49219 -0.363141
15600 -0.647684 0.101514
15700 -0.352507 0.367444
15800 0.814164 -0.414837
15900 0.726215 0.693765
16000 -1.16783 0.210351
16100 1.15099 0.0815119
16200 0.992788 -0.674493
16300 -1.91385 0.494628
16400 -0.48682 -0.193165
16500 -0.309238 -0.84388
16600 0.157778 -0.0457457
16700 -0.433143 -0.704841
16800 0.704368 -0.0980903
16900 1.3493 0.936431
17000 -0.369317 1.0176
17100 -0.122265 -0.338897
17200 -0.193656 -0.332069
17300 0.116105 1.05569
17400 0.0742646 -1.18432
17500 -1.04725 -0.95239
17600 0.49005 0.395356
17700 0.132069 0.0692299
17800 0.318107 1.0428
17900 0.570296 1.18251
18000 -0.324355 -0.0335669
18100 1.19771 -0.141545
18200 -0.953099 -1.24541
18300 -0.433321 0.122051
18400 -0.385711 0.292307
18500 0.0642986 0.137768
18600 -0.480029 0.0191227
18700 0.497366 -0.947939
18800 1.35821 1.05008
18900 0.471017 0.577741
19000 -1.13829 -0.781075
19100 0.619115 0.535077
19200 -1.4451 -0.182291
19300 -1.08707 -0.10971
19400 0.214709 -1.48048
19500 0.972404 -0.904234
19600 -0.52129 1.4848
19700 0.974762 -0.00122901
19800 -0.114948 0.767234
19900 -0.607372 0.482227
20000 0.0821922 0.0974167
20100 1.13077 -1.13478
20200 -1.40113 -1.04638
20300 -0.149728 -0.843678
20400 0.451004 0.30343
20500 -0.992576 1.27782
20600 -0.245242 0.767201
20700 2.31546 -0.0880356
20800 0.504705 -0.226914
20900 -0.79883 1.03107
21000 0.914745 -1.3102
21100 -1.15048 0.412252
21200 -1.68058 0.38033
21300 0.104136 -0.440651
21400 0.331869 -0.0878926
21500 1.00694 -0.306506
21600 0.899097 -0.139312
21700 1.64024 0.974574
21800 -0.250775 1.20769
21900 -1.55488 0.172252
22000 0.079595 -0.885529
22100 -1.12668 -1.38157
22200 -0.700798 0.219112
22300 0.755723 -1.06466
22400 -0.0575947 0.63943
22500 0.103785 0.82546
22600 -0.93238 1.61428
22700 1.19151 -1.0295
22800 0.198528 0.772183
22900 0.000973519 -1.41242
23000 0.0758941 -0.86063
23100 -1.53463 -1.29766
23200 -0.653307 0.0825391
23300 0.113351 0.419532
23400 0.462608 1.31589
23500 1.19538 0.00249173
23600 1.15416 -0.341175
23700 -0.322266 0.873139
23800 0.151575 0.450809
23900 -1.25855 -0.71011
24000 -1.18273 -0.427112
24100 0.349051 0.716794
24200 -0.434626 -0.702251
24300 1.43495 -1.07912
24400 0.325014 1.51765
24500 0.627869 1.42389
24600 1.07135 -0.098877
24700 -0.515032 -0.511829
24800 -1.35028 1.15894
24900 1.69997 -1.65994
25000 -1.19971 -1.74145
25100 -0.615104 0.890411
25200 0.30171 0.261243
25300 -0.570305 0.792298
25400 0.0848301 1.13734
25500 1.40701 -0.0651932
25600 0.914825 -0.533224
25700 -1.18681 0.522277
25800 -1.64654 -1.41472
25900 -0.0399053 -1.3715
26000 -0.392393 0.292322
26100 -0.840199 0.101305
26200 1.30727 0.101535
26300 1.16224 -0.679767
26400 0.832359 0.776858
26500 -0.944533 0.841565
26600 -0.5225 -0.110081
26700 -0.292958 0.583188
26800 -0.448044 -1.57478
26900 -0.78474 -1.67497
27000 0.0249207 1.27864
27100 0.299676 0.0281811
27200 1.38005 0.294324
27300 0.648499 2.11869
27400 0.0588195 0.638577
27500 0.168993 -0.237281
27600 -0.166123 -1.17583
27700 -0.763065 -1.11869
27800 0.95131 -0.666948
27900 -0.814455 1.84162
28000 -1.19087 -0.128515
28100 1.34567 -0.123052
28200 0.908409 0.865586
28300 0.762124 1.43893
28400 -0.250574 -0.506878
28500 0.248064 -0.62568
28600 -1.40613 -0.988133
28700 -1.83069 -0.677461
28800 0.150926 0.206892
28900 -0.448611 -0.161439
29000 0.838266 -0.380237
29100 2.20975 -0.358729
29200 -0.518731 0.370889
29300 -0.228466 1.03526
29400 -0.798082 0.265377
29500 0.254294 -0.801021
29600 -1.58891 -0.58199
29700 0.340089 -1.09833
29800 -1.09092 -0.070327
29900 0.133558 0.206858
30000 2.11184 0.020899
30100 -0.828649 2.14749
30200 0.00888544 1.03241
30300 1.35706 -0.639398
30400 0.495525 -1.55619
30500 -0.99107 -0.032314
30600 -0.0261082 0.0848762
30700 -0.09619 0.202553
30800 -0.735136 -0.6975
30900 0.375178 1.21273
31000 0.739466 0.702078
31100 1.59258 1.66264
31200 0.397956 -0.207155
31300 -0.493204 -1.02761
31400 -2.15241 0.681142
31500 -0.106645 -0.596259
31600 -0.892397 -0.546857
31700 0.858611 -0.371186
31800 0.0172636 -0.611761
31900 1.20655 -0.228988
32000 0.568998 0.118632
32100 -0.642446 1.7827
32200 0.351333 -0.508286
32300 -0.208592 -0.626343
32400 -0.156291 -0.446275
32500 -2.48251 -1.1108
32600 -0.20911 -0.750727
32700 0.821805 0.775423
32800 -0.155468 1.16323
32900 -0.147088 0.816364
33000 -0.0919712 0.268935
33100 1.12343 -0.965457
33200 -0.0863416 -0.0331841
33300 0.244797 -0.201541
33400 -0.658296 0.0475562
33500 -0.395185 -2.24145
33600 0.133264 0.1449
33700 -0.843984 0.779545
33800 3.22708 1.30391
33900 0.210829 0.585605
34000 -0.358211 0.449183
34100 -0.772318 0.664613
34200 0.85106 -0.195146
34300 -1.45545 -0.133725
34400 -0.607668 -0.706235
34500 0.626041 0.101207
34600 0.31197 -0.524753
34700 -0.281884 1.13207
34800 0.701369 -0.253288
34900 1.61964 1.2929
35000 -0.424572 -0.235336
35100 0.740436 -1.11964
35200 -1.15647 -1.19365
35300 -0.962134 -1.08491
35400 -1.50966 0.846655
35500 1.03281 -0.190657
35600 0.00453065 1.23055
35700 0.152072 0.250052
35800 -1.15433 -0.242179
35900 1.24796 0.387046
36000 0.77538 0.0785315
36100 -1.52804 -0.768657
36200 -2.21081 -0.750386
36300 1.04297 -0.0680862
36400 -0.407867 -1.51524
36500 1.40369 -0.0748347
36600 0.781039 0.73119
36700 1.16919 0.97178
36800 -1.37455 0.14083
36900 0.662152 0.516567
37000 -0.569401 -0.541959
37100 -0.19149 0.332285
37200 -0.120701 -0.211239
37300 -0.309976 -0.588327
37400 -0.399194 0.354609
37500 0.172995 2.54627
37600 0.954792 -0.468501
37700 1.16857 0.642277
37800 0.540749 -0.298318
37900 0.0272037 -0.927183
38000 -0.0463192 -1.24231
38100 -0.362084 0.828695
38200 -1.40189 -0.857041
38300 0.898453 0.183128
38400 0.184373 0.39358
38500 -0.400571 0.107345
38600 0.764948 -0.0756156
38700 0.587674 1.14252
38800 -1.26264 0.158728
38900 -1.85389 -0.657549
39000 -1.16345 0.246933
39100 1.12903 -2.69326
39200 0.0122673 -0.722767
39300 0.406098 1.63637
39400 -0.858101 -0.309785
39500 1.5125 0.539817
39600 0.431987 -0.0973171
39700 -0.285043 0.088134
39800 0.306883 0.660521
39900 0.351724 -1.83824
40000 -1.38953 -0.372629
40100 -1.04548 0.592767
40200 0.80984 0.319438
40300 -1.18681 1.22524
40400 1.99216 0.527512
40500 1.27764 0.282176
40600 -0.838116 0.0852402
40700 0.183652 0.663797
40800 0.621437 -1.15693
40900 -0.601899 -0.00399609
41000 -0.13754 0.104582
41100 0.0392855 -1.09847
41200 0.0304749 -0.932383
41300 0.98872 1.42486
41400 0.559227 0.589438
41500 0.283064 0.882485
41600 -0.743868 0.757918
41700 -0.870124 -0.735889
41800 -1.25897 -0.338142
41900 -0.169724 -0.82868
42000 0.0138524 -0.967468
42100 -0.968698 -0.239703
42200 0.7992 0.729255
42300 0.25724 -0.0233155
42400 0.378683 -0.305659
42500 1.09983 1.15075
42600 0.992805 -1.3481
42700 -0.99111 -0.634707
42800 -1.87946 -0.0706141
42900 -0.966351 -0.411918
43000 0.158255 -0.299272
43100 0.687705 0.706577
43200 -0.147498 1.45455
43300 0.679143 -0.211935
43400 0.861782 0.801939
43500 0.298463 0.654361
43600 -0.542443 -0.415487
43700 0.487392 -0.756503
43800 -1.732 -0.228834
43900 1.23524 -1.78575
44000 0.243013 0.630232
44100 0.114075 0.676866
44200 1.27733 0.830296
44300 0.822653 0.841913
44400 -0.811843 1.23801
44500 -0.0242891 -1.23176
44600 -0.76039 -0.202456
44700 -0.366711 -0.0833243
44800 0.343424 -0.188259
44900 -2.49071 -0.734167
45000 0.147231 -0.585942
45100 0.629234 1.44526
45200 2.6101 0.920467
45300 -0.48007 -0.814011
45400 0.33738 -0.724755
45500 0.339139 -0.768741
45600 -1.98222 -1.14786
45700 -1.30134 0.849483
45800 0.524135 -0.0850876
45900 -0.479739 -1.2618
46000 -0.012712 1.04223
46100 0.492775 0.216301
46200 1.08098 0.852227
46300 -0.59089 1.30995
46400 -0.491214 0.122549
46500 -0.0847831 -0.49625
46600 -0.0267455 -1.99416
46700 -0.473457 -0.264278
46800 1.71124 -0.55188
46900 -0.0835009 1.23651
47000 0.624665 0.297256
47100 -0.277436 0.555543
47200 0.660767 1.18262
47300 0.998616 -0.0461724
47400 0.144817 -0.431809
47500 -1.3203 -0.320707
47600 -0.663145 0.502379
47700 -2.48134 -0.988063
47800 0.791786 0.31105
47900 0.700609 1.14952
48000 1.75611 0.259269
48100 0.89529 -0.758392
48200 -0.696588 0.287959
48300 0.971597 -1.3981
48400 -1.40354 0.2076
48500 -0.965627 -0.0615806
48600 -0.41709 -1.29581
48700 -0.174991 -1.68048
48800 0.591055 1.0908
48900 -0.264683 1.29846
49000 0.832612 0.769426
49100 -1.11093 1.32972
49200 -0.26445 0.415799
49300 -0.608447 -1.96172
49400 -0.0181941 -0.211941
49500 -0.283252 -1.70436
49600 1.11608 0.219553
49700 -0.91857 0.674147
49800 0.317544 0.499478
49900 0.458773 -0.0427352
50000 1.36191 0.273193
50100 2.77252 0.987685
50200 -0.190371 -0.928669
50300 -2.77119 0.302398
50400 -1.14394 -0.113811
50500 -0.735226 0.425138
50600 0.827509 0.666109
50700 -0.730774 -1.30606
50800 1.50007 1.77752
50900 2.12797 0.0966865
51000 -0.847981 0.189364
51100 -0.915352 0.74412
51200 1.55787 -0.151016
51300 -1.13652 -1.79121
51400 -0.137422 -0.987942
51500 -0.444205 -2.59814
51600 0.654748 1.39086
51700 -0.447366 0.817823
51800 0.504773 1.19309
51900 -1.33749 1.22577
52000 1.00686 -0.402454
52100 -0.68502 -0.478665
52200 -0.247438 -1.01013
52300 -0.239955 -0.326083
52400 -1.53782 -0.575264
52500 -1.04071 -1.04133
52600 0.569745 1.7791
52700 0.6599 -0.0534375
52800 2.93896 -0.00759937
52900 1.55301 0.27342
53000 -0.462523 -0.598342
53100 -1.50108 0.0737812
53200 -1.39851 0.717045
53300 -0.359213 -0.882644
53400 0.401618 -0.785146
53500 -0.639616 0.196913
53600 1.18122 1.69195
53700 1.19039 0.981658
53800 0.601741 1.48181
53900 -1.58383 0.469827
54000 0.981636 -0.0935404
54100 0.223454 -1.87259
54200 -1.02577 -1.23109
54300 0.699036 -1.68307
54400 -0.105172 0.17234
54500 -0.40681 1.23296
54600 0.825857 1.35411
54700 0.468588 -0.130465
54800 0.068183 0.318521
54900 -0.141883 -0.229915
55000 -0.568854 -0.9218
55100 -1.31305 -0.231281
55200 -1.64686 -0.321719
55300 -1.37269 -0.204326
55400 0.216236 0.351193
55500 1.60521 -0.0193318
55600 2.61694 -0.293684
55700 -0.509371 -0.536903
55800 0.170277 1.13519
55900 -0.242116 -0.244776
56000 -0.708143 0.0388587
56100 -0.987751 -2.47248
56200 -0.0706174 -0.0501374
56300 0.835951 0.982487
56400 -0.259472 0.685077
56500 0.917972 0.438697
56600 -0.440577 2.37984
56700 0.526907 2.25893
56800 0.415767 -1.67217
56900 -0.227838 -1.89336
57000 -0.861978 -0.427641
57100 0.695074 -1.53418
57200 0.130623 0.475566
57300 -0.397073 0.987567
57400 0.684935 0.22986
57500 1.40263 0.22136
57600 1.41178 1.13841
57700 -0.730873 -0.947525
57800 -0.00434839 0.723888
57900 -2.14555 -0.70194
58000 -2.12213 -0.31513
58100 -1.37157 -0.186434
58200 0.425982 -0.59201
58300 1.91692 -0.177267
58400 1.8441 1.36997
58500 -0.873417 0.375891
58600 -0.129599 -1.02776
58700 0.0455167 0.3606
58800 0.0845891 -0.762091
58900 -1.28143 -1.47885
59000 0.426545 -1.64517
59100 0.14853 -0.952567
59200 -0.714216 1.73223
59300 -0.409812 2.25201
59400 0.889703 0.851302
59500 0.898027 1.43984
59600 0.470222 -0.445061
59700 -1.09736 -1.48058
59800 -0.580383 -0.114042
59900 -0.167097 -0.705737
60000 -0.304828 0.711917
60100 -0.0778592 -0.169278
60200 0.834509 0.207009
60300 1.99719 0.447254
60400 2.7749 0.288499
60500 0.100902 -0.657644
60600 -1.94007 1.71965
60700 -0.974959 0.345117
60800 -2.31106 -1.35072
60900 0.215533 -1.32083
61000 0.315793 0.513117
61100 -0.623733 0.60264
61200 1.32591 0.846542
61300 0.873934 0.271533
61400 -1.25215 0.138237
61500 0.345968 0.497163
61600 0.142647 -0.619277
61700 -0.0220455 -2.70162
61800 0.332832 -2.35803
61900 -2.09354 -0.551129
62000 -1.13635 1.37448
62100 1.9164 0.949963
62200 0.182106 1.21394
62300 0.296289 1.3787
62400 0.465219 0.513024
62500 -0.454383 -0.877308
62600 -0.407791 -1.18952
62700 -1.55595 0.321207
62800 -0.720602 -0.152877
62900 0.215529 0.0945932
63000 0.700324 -0.482412
63100 2.74383 0.582977
63200 1.57332 -0.0668031
63300 0.380861 1.7227
63400 0.257161 -0.366503
63500 -1.4138 0.244319
63600 -1.44613 -1.47734
63700 -0.0737143 -0.374013
63800 -0.244161 0.722996
63900 0.587091 -0.0797789
64000 -0.319209 0.525859
64100 0.340974 1.55579
64200 0.483382 1.04375
64300 -0.392611 -0.332508
64400 -0.0116232 -0.71123
64500 0.540258 -2.96999
64600 -0.660779 -0.495457
64700 -1.16193 -0.974491
64800 -0.716311 -0.385672
64900 0.675949 0.781962
65000 0.526552 1.22067
65100 0.780456 0.985316
65200 -0.0785809 -0.925957
65300 0.33739 0.05788
65400 -1.70265 1.1017
65500 -1.25553 -1.45288
65600 -1.53681 0.275688
65700 -0.22626 0.363796
65800 1.35577 -1.07391
65900 2.09869 -0.146612
66000 0.848493 0.729899
66100 1.66042 1.89008
66200 0.823201 -0.219938
66300 -1.90488 -0.256932
66400 -0.087958 -0.263186
66500 0.184961 -1.1391
66600 -1.00229 -0.512126
66700 -0.224302 0.197872
66800 0.628419 0.854152
66900 -0.666736 2.89592
67000 0.516881 1.09948
67100 0.919102 0.360029
67200 0.737603 -1.4376
67300 -1.40407 -0.98094
67400 0.526296 -2.12963
67500 -1.0404 -0.966404
67600 -1.28737 -0.1797
67700 0.386391 0.751247
67800 1.46775 0.212674
67900 0.592858 -0.168677
68000 0.709865 0.358362
68100 -0.409979 0.358687
68200 -0.947507 -0.215271
68300 -2.30263 -0.190747
68400 -1.76197 0.0651707
68500 0.0180579 -0.769051
68600 -0.573773 -0.829469
68700 2.4741 0.831586
68800 2.01838 0.804107
68900 0.120121 0.379771
69000 0.13716 1.21859
69100 -1.09885 -0.102
69200 1.54921 -1.26922
69300 0.0137982 -2.20198
69400 -1.09202 0.21418
69500 0.284774 0.946427
69600 0.547823 0.0142542
69700 -0.0735162 2.44209
69800 -0.342285 1.5268
69900 1.32641 1.61403
70000 0.0468483 -0.344742
70100 -0.0787856 -1.69236
70200 -0.402423 -1.18513
70300 -1.76288 -1.43478
70400 -0.312752 1.80709
70500 0.718426 -0.158921
70600 0.144953 -2.32086
70700 0.846947 1.15566
70800 1.0227 -0.0551471
70900 1.57884 -0.0186426
71000 -1.81032 -0.240134
71100 -2.4082 -0.0204644
71200 -0.855353 0.414181
71300 -2.28874 -1.74758
71400 -0.00723945 -0.201395
71500 2.56394 0.604473
71600 -0.553971 0.0404221
71700 -0.559621 0.809923
71800 0.327878 1.39827
71900 2.01546 -0.332038
72000 -0.502808 -1.0504
72100 -0.0738019 -1.26747
72200 0.0520089 -0.548843
72300 0.297848 -0.793809
72400 0.472703 0.134427
72500 -0.528661 2.00451
72600 1.52039 2.26446
72700 -0.306925 0.512358
72800 0.596727 0.513392
72900 1.46818 -0.449201
73000 -1.8623 -0.630801
73100 -1.40163 1.02933
73200 0.0238712 -0.0295211
73300 -0.837443 -2.06029
73400 0.798248 -0.323706
73500 1.29974 1.66373
73600 2.02097 -0.958529
73700 1.37185 -0.569163
73800 -1.95374 0.73232
73900 -0.50868 0.420389
74000 -1.20825 -1.94702
74100 -1.98646 0.0566457
74200 -0.0952394 -0.977047
74300 0.923407 -0.839057
74400 -2.48989 0.722886
74500 -0.0237891 1.48649
74600 2.2433 0.967178
74700 -0.223581 0.570711
74800 -0.364858 -0.517572
74900 0.297254 -2.81494
75000 0.085291 -0.828811
75100 -0.301657 -1.04455
75200 -0.419402 -0.196648
75300 0.538613 1.77146
75400 0.740004 1.15028
75500 0.557809 0.894134
75600 1.99144 0.0945216
75700 0.211257 1.22867
75800 -0.576427 0.893796
75900 -1.08636 0.18644
76000 -1.90849 -1.24363
76100 -1.9943 0.792637
76200 2.12938 -0.345836
76300 1.81153 0.084021
76400 1.94534 -1.32366
76500 0.511958 0.986566
76600 0.670496 0.954363
76700 -0.852018 -0.361669
76800 -1.06417 -1.25371
76900 -0.0683832 -0.0795249
77000 -0.134267 -1.91978
77100 -3.09963 -1.25367
77200 0.272392 1.06969
77300 -0.0457975 1.94375
77400 -0.440474 1.23661
77500 -0.36346 1.70666
77600 1.00925 -0.850614
77700 0.866612 -2.62773
77800 -0.270257 -1.17792
77900 -1.19713 -0.624708
78000 0.575275 0.152603
78100 -1.11929 -0.668972
78200 -0.236219 0.888272
78300 2.47352 -0.928179
78400 1.44099 1.40688
78500 1.38555 0.71807
78600 -0.371111 1.59011
78700 -1.41193 -0.120675
78800 -3.34216 0.830009
78900 -0.867426 0.446843
79000 1.13573 -0.740138
79100 2.20331 -1.39114
79200 0.599771 0.938226
79300 0.774185 0.110496
79400 -0.191991 0.718721
79500 0.450077 0.834562
79600 1.14736 -0.156464
79700 0.574976 -1.64409
79800 -1.29403 -1.92077
79900 -1.52888 -1.73556
80000 -0.558857 0.234026
80100 -0.0556114 1.64586
80200 -2.00625 3.15541
80300 0.859811 0.488461
80400 1.26214 -1.18738
80500 -0.412836 -0.99887
80600 -0.619413 -0.432521
80700 -0.31791 -0.598142
80800 -1.19577 -0.569852
80900 -0.401018 -0.526101
81000 -0.10765 -1.75702
81100 1.70442 0.733444
81200 1.54321 -0.0194231
81300 2.556 0.641103
81400 0.108884 1.20874
81500 -3.15664 0.685757
81600 -2.29097 0.4531
81700 0.215677 0.0857452
81800 1.02748 -0.441058
81900 0.050564 -0.0886361
82000 -0.136281 0.348322
82100 1.56036 0.478526
82200 0.361238 0.723221
82300 -0.00631849 1.98921
82400 1.63702 -1.00747
82500 0.220253 -0.160691
82600 0.150414 -2.79564
82700 0.258987 -1.57051
82800 -1.19067 -1.55449
82900 -1.52615 3.83464
83000 0.352041 1.65305
83100 -0.343473 0.238578
83200 0.916753 -0.474806
83300 -0.539133 -0.233938
83400 0.48868 0.375269
83500 -0.37862 -1.44931
83600 -1.74649 0.336933
83700 -1.60916 -0.487012
83800 -0.236557 -1.52356
83900 0.0711407 -0.487754
84000 2.79999 -0.749552
84100 3.29499 -0.940634
84200 -1.49396 1.15996
84300 -2.77115 0.826616
84400 0.0428302 0.70668
84500 -0.725778 0.391283
84600 -0.244136 -1.11183
84700 0.921077 0.199832
84800 -0.785602 -0.944962
84900 0.830338 1.01921
85000 -0.640099 2.30526
85100 1.45214 1.12659
85200 -0.345729 0.986609
85300 1.31751 -0.450571
85400 2.4029 -2.45744
85500 -0.386869 -2.351
85600 -0.0695339 0.718423
85700 -1.83653 0.920646
85800 0.0081793 0.972449
85900 0.0499085 0.410557
86000 0.273606 0.0281133
86100 0.699503 0.574374
86200 1.10459 -1.10761
86300 -0.572372 0.860387
86400 -1.80984 0.755944
86500 -2.39416 -1.292
86600 -2.04617 -0.112816
86700 0.719801 -1.18496
86800 2.6525 -1.04558
86900 1.88486 -1.40019
87000 -1.39749 0.289002
87100 1.02864 1.52814
87200 -0.936776 0.805579
87300 -0.862458 -0.0215837
87400 -1.20399 -1.02747
87500 1.50291 -0.863576
87600 -0.271323 -1.06406
87700 -1.49445 0.2577
87800 0.0275698 1.6533
87900 0.0728348 2.20841
88000 0.389458 1.92421
88100 1.83971 -0.474067
88200 0.969276 -0.698591
88300 0.00438708 -1.01729
88400 0.240951 -0.719816
88500 -0.734421 -0.851967
88600 0.102508 1.83779
88700 -0.346324 -0.787068
88800 0.749266 0.758004
88900 0.327568 -0.30648
89000 2.38824 0.276374
89100 0.0985938 0.395118
89200 -0.911076 0.705289
89300 -2.81684 1.25263
89400 -2.20479 -1.13747
89500 -0.558406 -1.17442
89600 1.19058 -1.35549
89700 0.569131 -1.02582
89800 1.08368 1.30612
89900 0.615979 -0.956468
90000 -0.615313 0.785778
90100 -0.975228 1.44266
90200 0.537863 -1.1522
90300 1.33725 -1.74833
90400 -1.08321 -1.12543
90500 -0.464806 -2.33
90600 -0.589118 2.64014
90700 -2.06833 1.33239
90800 0.849977 1.56447
90900 1.03404 1.38797
91000 1.68868 0.0402972
91100 -0.373328 0.152518
91200 0.624544 -0.987033
91300 0.00667569 -0.839559
91400 -1.19946 0.302361
91500 0.234786 0.231365
91600 -0.218723 -1.25183
91700 0.527984 0.792795
91800 3.72771 -0.0704133
91900 0.0618996 -0.12224
92000 0.441129 1.49834
92100 -1.3013 1.05121
92200 -2.20629 0.777574
92300 -1.21334 -0.759369
92400 -0.796325 -0.968138
92500 -0.24712 -1.73624
92600 1.38958 -0.384274
92700 -0.194606 0.231369
92800 -0.291391 1.11434
92900 0.664973 0.242566
93000 -0.062968 0.0295143
93100 0.611525 -0.721865
93200 0.742707 -2.17688
93300 0.432581 -1.72942
93400 -2.25764 -0.589803
93500 -1.75575 0.648323
93600 -0.36926 1.04658
93700 1.00177 1.39224
93800 0.101431 1.58456
93900 0.662 0.380089
94000 1.84513 0.221556
94100 -0.532973 -0.381668
94200 -0.997076 -0.242814
94300 -0.573517 -0.358681
94400 -1.02505 0.161199
94500 0.0738662 -0.703526
94600 3.99937 -0.963105
94700 0.72958 -0.550264
94800 1.22622 0.742022
94900 0.505325 2.02128
95000 -0.304117 2.47101
95100 -1.84558 -0.118722
95200 -1.78732 -0.501741
95300 -1.06996 -1.56809
95400 0.292182 -1.11242
95500 0.14229 0.622914
95600 -0.925768 -0.584845
95700 0.202368 2.30962
95800 0.520014 1.28919
95900 1.12913 -1.3267
96000 1.21552 -1.35534
96100 1.37188 -1.38272
96200 -2.55117 -1.29968
96300 -0.395109 -1.98782
96400 -1.17804 -0.559664
96500 -1.71668 2.23322
96600 -0.77196 0.0225169
96700 2.23118 0.46354
96800 1.40518 1.8204
96900 0.353332 0.706387
97000 -0.654944 0.223761
97100 -1.52286 0.632087
97200 -0.861405 -0.0559397
97300 -0.594616 -0.871684
97400 1.20358 -1.32553
97500 0.872547 -1.46384
97600 1.72466 0.0457778
97700 2.49553 0.431874
97800 0.864915 1.82661
97900 -1.16081 1.13265
98000 -0.06804 1.218
98100 -1.01649 -0.154705
98200 -0.408341 -2.00138
98300 -0.126736 -1.52622
98400 -1.68375 0.689567
98500 -1.38385 1.10612
98600 -0.0964769 1.63711
98700 0.917252 0.578361
98800 1.0817 0.188336
98900 1.29998 -0.354327
99000 -0.199779 -1.0885
99100 0.989143 -2.50485
99200 -0.945623 -1.85193
99300 -1.6824 -0.316211
99400 -1.98918 -0.0234252
99500 0.652033 -0.207555
99600 1.63438 0.656104
99700 0.714868 0.671631
99800 -0.0623611 0.878108
99900 -0.178618 0.997272
100000 -0.600786 1.71186
100100 -2.0635 -0.0264354
100200 -1.24438 -0.157507
100300 0.514557 -1.21439
100400 -0.250326 -1.07729
100500 2.43896 -0.509621
100600 2.40207 -0.364391
100700 1.48219 1.41113
100800 -0.841908 1.37083
100900 -0.119982 1.29483
101000 1.4432 -1.03723
101100 -0.291012 -1.05672
101200 -0.450124 -1.50161
101300 -2.81163 -0.149909
101400 -1.22962 0.917588
101500 0.506419 1.70572
101600 -0.489675 0.415138
101700 1.00743 1.88556
101800 -0.0483632 -0.0992819
101900 1.50255 0.0141823
102000 1.55786 -2.11625
102100 -1.33543 -1.77985
102200 -2.22319 -0.667126
102300 -0.0976297 -0.551848
102400 -0.801769 -0.923908
102500 2.24804 -0.654868
102600 0.781796 -0.159076
102700 0.552152 1.41616
102800 0.336826 2.01721
102900 -1.062 0.307238
103000 -2.08435 1.43249
103100 -1.42248 -0.572678
103200 -1.58789 0.033589
103300 0.577902 -0.993065
103400 1.18909 -1.61531
103500 2.07481 -1.02805
103600 0.564993 2.13506
103700 -0.76955 1.66763
103800 1.20939 0.235982
103900 2.06312 -0.480984
104000 0.903119 -0.805271
104100 -0.568414 -1.15724
104200 -1.31325 -0.714515
104300 -1.06213 -0.0108324
104400 -1.10256 1.14983
104500 -1.08417 0.900577
104600 -0.624404 1.81018
104700 2.58972 1.16892
104800 2.08296 -0.0597164
104900 0.0241236 -1.01565
105000 -1.53789 -0.174697
105100 -1.39037 -0.38107
105200 -0.177509 -0.906293
105300 0.360461 -1.91854
105400 -1.24608 -1.34271
105500 0.646891 -0.39667
105600 2.77731 0.110548
105700 0.531266 0.384808
105800 -0.565847 2.1996
105900 -0.405709 0.856871
106000 -2.50318 1.16317
106100 -1.96118 -0.573787
106200 0.266735 -2.08891
106300 0.545035 -0.898233
106400 -0.122365 0.574597
106500 -0.742716 0.396165
106600 0.46936 0.0307568
106700 1.52768 1.84615
106800 2.65876 0.539941
106900 -0.178612 0.0008057
107000 1.16933 -2.80486
107100 0.696213 -0.166607
107200 -0.635037 -0.450338
107300 -2.47452 -0.00227721
107400 -1.99436 0.956472
107500 0.209642 1.33834
107600 2.23559 0.709522
107700 1.20575 -0.157056
107800 -1.2049 1.50838
107900 0.207051 0.381205
108000 0.174237 0.346496
108100 -0.630051 -0.64437
108200 -0.752222 -1.01102
108300 -2.28514 -2.04711
108400 1.49642 -1.56291
108500 1.87155 -0.439039
108600 2.17309 -0.699779
108700 0.415684 1.63871
108800 -0.229024 1.45104
108900 -2.62855 0.727339
109000 -0.457015 0.219302
109100 -0.663487 -0.886957
109200 -0.983128 -0.785722
109300 0.581387 -0.280117
109400 -1.42371 -0.0417789
109500 -0.797295 0.222106
109600 0.443293 0.46356
109700 -0.0764441 2.19382
109800 1.75151 -0.0532892
109900 2.66262 -1.32759
110000 2.44558 -1.22747
110100 -1.35801 -1.17435
110200 -1.17542 -0.184751
110300 -2.35083 0.333716
110400 1.02629 0.539105
110500 1.21125 0.425288
110600 -0.360171 0.834083
110700 -0.451715 0.935154
110800 -0.0105094 0.108539
110900 1.76807 1.34385
111000 -0.422936 2.22089
111100 -1.40041 -0.260389
111200 -1.94492 -0.819607
111300 -0.168596 -1.54461
111400 2.14839 -2.294
111500 0.981025 -1.48628
111600 0.838546 0.669339
111700 0.318405 0.40233
111800 0.617645 0.625607
111900 -0.0807165 0.679836
112000 -0.936118 -1.15511
112100 -1.19604 0.783466
112200 0.305111 -0.723733
112300 -1.37871 -0.329099
112400 -1.07292 -0.626633
112500 -2.06528 -0.275053
112600 -1.0866 1.59051
112700 1.03313 1.60035
112800 1.96134 0.224401
112900 2.02152 -1.3489
113000 1.19134 -1.2901
113100 -0.448612 0.0772222
113200 0.0508738 -0.581797
113300 -1.59947 -1.26291
113400 -0.0240221 0.628609
113500 1.39419 -0.145324
113600 -1.13225 -0.926659
113700 0.0666118 0.859567
113800 2.10098 1.52002
113900 1.09696 2.30315
114000 -0.704626 1.54193
114100 -2.23166 0.604012
114200 -1.31585 -1.01116
114300 0.552597 -0.596186
114400 0.39055 -0.573835
114500 0.299203 -2.13224
114600 0.923037 -0.654841
114700 1.22724 0.795415
114800 0.311062 -0.00573254
114900 0.4726 0.98048
115000 -1.27407 0.388379
115100 1.8016 -0.633634
115200 1.69478 -0.224972
115300 -2.17656 -1.75404
115400 -2.52887 -0.948395
115500 -2.03095 1.02646
115600 -0.901268 1.31832
115700 -1.3011 1.04835
115800 1.57251 -0.101345
115900 1.12197 -1.03232
116000 1.30635 0.745128
116100 -0.33536 -1.05908
116200 -0.136643 -0.670678
116300 0.102602 -0.530363
116400 0.377634 0.862877
116500 -1.71441 -1.81056
116600 -0.12953 -1.13738
116700 1.14677 -1.13619
116800 1.95632 0.484345
116900 1.2924 2.23715
117000 -1.10879 2.13859
117100 -2.5078 2.74268
117200 1.02127 0.394315
117300 0.426017 -0.092177
117400 -0.490497 -1.38861
117500 -0.869635 -1.52329
117600 0.586366 -0.386669
117700 0.357145 0.606758
117800 0.756649 -0.342798
117900 0.409548 1.05221
118000 0.125915 0.870099
118100 1.47959 0.280766
118200 1.36628 -1.35942
118300 0.383947 -1.89039
118400 0.73389 0.14737
118500 -3.05243 0.232439
118600 -2.54438 0.172221
118700 -2.61002 -0.11665
118800 0.443316 0.850023
118900 1.22784 -0.406134
119000 0.820097 0.278703
119100 0.340284 -0.106192
119200 -0.421501 0.742043
119300 0.0298166 0.295442
119400 -0.517156 -0.274078
119500 -0.267816 -1.81223
119600 -0.524122 -1.62192
119700 0.556135 -0.550587
119800 1.14833 -1.08265
119900 1.13802 -1.90702
120000 -0.752458 1.93225
120100 0.668642 2.11397
120200 -0.754038 1.92931
120300 0.0644755 2.333
120400 -0.142904 0.346322
120500 -0.516575 -1.34768
120600 1.22485 -1.63591
120700 -1.01842 -0.5506
120800 -0.81884 0.484464
120900 -0.211772 1.43037
121000 -0.0396741 1.04114
121100 1.3335 0.0641199
121200 3.34282 0.00538594
121300 0.947981 -0.410205
121400 0.826089 -0.524302
121500 1.03135 -0.48168
121600 -2.31328 -0.815625
121700 -1.49793 -0.133187
121800 -1.74798 1.28673
121900 -1.10933 0.553706
122000 -0.58394 -0.589352
122100 1.79925 -0.664814
122200 0.435178 0.185766
122300 0.771826 -0.0769313
122400 -1.23699 2.2787
122500 -1.55032 -0.583635
122600 -1.20349 -0.325009
122700 0.583571 -0.775861
122800 0.295975 -3.26007
122900 0.0406914 -2.68279
123000 -0.858403 -0.635912
123100 3.0444 0.344857
123200 0.286743 1.90633
123300 -1.97543 2.43254
123400 -0.73553 0.379486
123500 0.700922 0.700625
123600 0.874243 -0.886513
123700 0.990454 0.559047
123800 -0.419008 -0.122739
123900 -0.768856 -0.126219
124000 -1.48437 1.57894
124100 -0.960017 0.885619
124200 -0.194706 -1.25888
124300 2.97684 0.93166
124400 3.29184 -0.226433
124500 0.499432 0.0701711
124600 0.488703 -0.217451
124700 0.196795 -0.17938
124800 -0.986258 -0.813925
124900 -1.48709 0.911845
125000 -1.69887 0.754777
125100 -0.337375 -1.3303
125200 0.0844509 -0.334523
125300 1.21082 -1.96744
125400 0.394715 1.00059
125500 -0.795498 2.09426
125600 -1.19721 1.66842
125700 -0.829088 2.39411
125800 -0.277399 -2.42418
125900 -0.264556 -3.84777
126000 0.5267 -1.81455
126100 0.402493 -0.984074
126200 -0.838805 -0.0308381
126300 0.832719 -0.121694
126400 0.396888 0.61391
126500 -0.936158 1.50692
126600 0.623242 0.886682
126700 0.480413 -0.217182
126800 1.50016 -0.796263
126900 -0.648975 0.735455
127000 -0.404021 0.503061
127100 -2.17441 -0.596646
127200 -0.783011 1.06295
127300 -1.70343 1.37508
127400 1.90624 -0.458513
127500 1.79882 0.542766
127600 2.75327 -1.04818
127700 1.31679 0.145552
127800 0.360642 0.62172
127900 -0.0303748 0.24672
128000 -1.08467 -0.277332
128100 -1.60112 -0.979209
128200 0.653367 -0.106349
128300 0.283881 -0.816719
128400 -0.799572 -0.752537
128500 0.0815477 0.675332
128600 0.281152 1.44732
128700 -0.671452 1.09302
128800 -1.02449 0.0241097
128900 -0.00472126 1.93847
129000 -1.01354 -1.00129
129100 -0.0551915 -2.22232
129200 0.710007 -1.35933
129300 -0.227206 -2.32732
129400 -0.215159 -0.759006
129500 0.0209658 0.50348
129600 -0.565271 -0.160167
129700 0.95931 1.52632
129800 0.106323 0.260266
129900 1.29316 -0.211621
130000 1.5704 0.310351
130100 -0.46952 0.765983
130200 -3.11297 0.161318
130300 -0.675825 -0.674959
130400 -0.886103 1.14752
130500 -0.467746 0.781703
130600 1.09668 -0.538055
130700 1.73663 1.08712
130800 1.97971 -0.127264
130900 0.977448 -1.03158
131000 0.350683 0.590907
131100 0.682489 0.629208
131200 -1.26444 -0.160305
131300 -1.17397 -0.956291
131400 0.126172 -0.325939
131500 0.724317 -0.236518
131600 -1.23601 -2.60492
131700 -0.182333 1.66292
131800 0.730721 1.87179
131900 0.00630189 2.04329
132000 -0.276849 0.225063
132100 -1.68061 -0.0210033
132200 0.263859 -0.94042
132300 -0.725922 -1.87969
132400 0.539308 -1.29082
132500 -1.09436 -0.941677
132600 0.709673 0.355875
132700 -0.797427 -1.7458
132800 0.147763 0.710776
132900 1.08556 1.69173
133000 0.582845 0.325971
133100 1.68237 -0.364624
133200 0.353579 0.245739
133300 -0.742921 -0.57393
133400 -2.2296 -0.929481
133500 -1.72884 1.11311
133600 -0.397792 0.174519
133700 -0.390363 0.93956
133800 2.23015 0.774046
133900 1.62797 0.11207
134000 0.693017 0.768769
134100 -0.44116 -0.520999
134200 1.8907 0.598513
134300 0.825237 -0.00126399
134400 -2.38768 0.155324
134500 -0.0685836 -1.25008
134600 0.50326 -0.949132
134700 0.444148 0.0658634
134800 -0.407818 -0.632606
134900 -0.0415186 1.01996
135000 0.853158 1.7921
135100 -0.480566 1.04684
135200 -0.591116 0.385052
135300 -1.37954 -1.12808
135400 -0.913 -1.175
135500 0.541833 -1.19761
135600 -1.64319 -0.647979
135700 0.157054 -1.24327
135800 0.511904 -0.240904
135900 0.0830506 0.151737
136000 0.33221 0.221444
136100 0.822703 0.98731
136200 0.495038 -1.19551
136300 0.681958 1.37543
136400 0.145454 -0.627653
136500 -0.106392 -0.593397
136600 -1.63999 -0.166251
136700 -1.30173 0.802045
136800 -0.537581 1.76579
136900 0.477564 1.25657
137000 1.81846 -1.5578
137100 1.39967 0.712126
137200 0.446735 0.462201
137300 0.467603 0.295336
137400 -0.0455133 0.758117
137500 0.153609 -0.262959
137600 0.101612 -1.19732
137700 -0.372524 -0.0697309
137800 0.0640651 -0.970518
137900 -0.702269 -1.29265
138000 1.68301 0.172328
138100 -0.052795 0.976726
138200 -1.14699 1.35641
138300 -0.813947 1.16302
138400 -1.50836 0.530099
138500 -0.269885 -0.579762
138600 0.843719 -1.41996
138700 -0.245475 -0.902011
138800 -1.5881 -0.41274
138900 0.350363 0.00523749
139000 -0.814121 -0.233287
139100 -0.249935 -2.03806
139200 0.790178 0.458496
139300 2.44868 1.61574
139400 0.849246 -0.723537
139500 -0.31687 -1.05235
139600 -0.717306 0.601518
139700 -0.96778 -0.208371
139800 -0.626993 0.988711
139900 -1.63486 0.873059
140000 0.822847 1.12996
140100 0.600185 -0.0825903
140200 1.09858 -0.533477
140300 0.876269 0.893987
140400 -1.26026 -0.175515
140500 2.03095 0.971186
140600 1.40623 1.67167
140700 -0.684052 -0.649679
140800 -0.564931 -2.12713
140900 0.132897 -0.453129
141000 1.40684 -0.151104
141100 -0.742453 -0.690235
141200 0.177161 0.727761
141300 -0.0558595 -0.3389
141400 -1.71232 1.98068
141500 -0.541556 -0.529342
141600 0.359628 -1.32297
141700 -0.31066 0.98759
141800 -0.200138 0.232837
141900 -0.775366 -1.10338
142000 -1.89203 -0.583336
142100 0.04705 -0.590307
142200 1.11206 -0.761698
142300 0.223778 0.384458
142400 0.944963 -0.100229
142500 1.46408 -0.275501
142600 0.652457 -0.29505
142700 -0.638316 -0.525627
142800 -1.33007 0.667244
142900 0.678545 0.428993
143000 -0.0429429 0.568375
143100 -0.0874473 1.58847
143200 -1.14406 -1.25619
143300 -0.206982 0.511789
143400 1.38758 1.32951
143500 -0.221658 1.10996
143600 1.66291 -0.599378
143700 -0.260562 0.560596
143800 -0.331054 -1.37369
143900 0.293209 -0.660702
144000 0.22655 -0.170966
144100 0.953744 -1.43552
144200 1.27573 0.900833
144300 -1.47282 0.632659
144400 -0.570801 -0.882083
144500 -0.66454 -0.0518419
144600 -0.388048 0.124327
144700 0.54126 0.952968
144800 -0.644547 -0.0637622
144900 -1.76493 0.505783
145000 -0.314743 -0.650662
145100 -0.549497 -0.17251
145200 0.564873 -0.0898426
145300 -0.0493498 -1.42176
145400 0.30184 -0.183639
145500 1.6689 -0.245504
145600 -0.050158 -0.961443
145700 0.000542252 0.15304
145800 0.247997 0.311669
145900 0.351961 0.34294
146000 -0.816027 1.06317
146100 1.00974 -0.332271
146200 -0.524025 0.990832
146300 -0.0627092 -0.302958
146400 -1.45597 1.50578
146500 0.509466 0.757702
146600 0.0199082 1.30178
146700 0.875529 -1.10069
146800 0.626553 0.0339791
146900 0.496787 -1.28245
147000 0.0186616 -1.60339
147100 1.50393 0.569123
147200 -0.535713 0.281024
147300 -1.07873 -0.150215
147400 0.567542 0.0312803
147500 -0.429075 -0.716794
147600 -0.78565 0.20266
147700 0.0343384 0.207611
147800 -0.239157 0.735348
147900 -0.135019 0.620616
148000 -1.73714 -0.399892
148100 -0.59794 -0.101902
148200 -0.423919 -0.235359
148300 0.255338 -0.436742
148400 2.16331 -0.381023
148500 0.521838 -1.23457
148600 -0.0323616 0.17119
148700 -0.146646 0.749948
148800 0.11065 -1.1155
148900 0.266459 -0.101277
149000 0.494069 1.51133
149100 -0.978078 0.309171
149200 0.257849 -0.487121
149300 -0.563558 0.057465
149400 0.00530343 1.61504
149500 -0.728735 -0.109559
149600 0.115842 2.02944
149700 -0.416678 0.593341
149800 1.25162 -0.859146
149900 0.982973 -1.01804
150000 -0.312438 -0.590691
150100 0.26937 0.214107
150200 1.52449 0.157654
150300 -0.13122 -0.710349
150400 -0.717571 -0.36726
150500 0.606203 0.383475
150600 -0.541914 -0.0776201
150700 0.281352 0.679037
150800 -0.854538 -0.374239
150900 -1.05055 -0.289063
151000 -0.926698 0.636489
151100 -2.16206 0.166952
151200 -0.486275 -0.054428
151300 1.64093 -0.266568
151400 -0.0311392 1.01865
151500 -0.489611 -2.19252
151600 0.95134 -1.14335
151700 0.151244 -0.250926
151800 1.2225 0.209054
151900 0.0995348 0.756123
152000 -0.124663 -0.480104
152100 -0.86796 -0.0334459
152200 1.18701 1.63753
152300 0.0780094 -1.15874
152400 -0.74078 0.40042
152500 0.401241 2.51267
152600 -0.369254 1.42406
152700 -0.452584 -1.5637
152800 -0.511777 2.17484
152900 1.15821 -0.641503
153000 1.42841 -0.646817
153100 -0.292069 -0.119543
153200 0.324919 -1.39395
153300 0.588664 -1.52422
153400 -0.331726 0.788921
153500 -1.0906 -1.16603
153600 -0.0260848 1.03499
153700 0.568889 0.0486075
153800 0.29689 0.61635
153900 -0.943816 -0.381123
154000 -1.41773 -0.926301
154100 0.198853 1.38735
154200 -0.662341 1.18823
154300 -2.5821 -0.809735
154400 0.505662 -0.815078
154500 0.58019 -0.568663
154600 1.22588 -0.983255
154700 1.35757 -0.616604
154800 0.548799 -0.20397
154900 -0.351978 1.53422
155000 0.438267 0.934367
155100 -0.86187 -0.70434
155200 -0.283293 -1.62812
155300 0.89212 0.967864
155400 0.313285 0.234055
155500 0.0129565 0.45886
155600 -1.32293 1.32894
155700 -0.686463 1.11542
155800 0.176185 0.794089
155900 -0.246848 -0.152255
156000 2.23533 -0.452643
156100 0.948107 -1.47946
156200 0.877388 0.0850997
156300 -1.39298 -0.722425
156400 -0.759771 0.636257
156500 0.960826 0.672641
156600 0.855736 -0.426175
156700 -1.37406 0.0560283
156800 0.418869 -0.44112
156900 0.30508 -1.04903
157000 -1.04537 1.00587
157100 -1.56335 0.778947
157200 -0.716421 0.816915
157300 -0.375183 0.371181
157400 -0.427371 -2.28943
157500 0.68143 -0.886961
157600 0.937133 -0.908442
157700 0.199108 0.0704512
157800 0.51954 -0.0226793
157900 -0.0785598 0.594557
158000 -0.843941 -0.438091
158100 1.07983 0.508209
158200 0.506161 -0.827169
158300 0.362401 0.973324
158400 0.173515 1.18489
158500 -1.94397 0.959592
158600 -0.282546 -1.36385
158700 -0.929974 1.521
158800 1.3912 0.781787
158900 0.68606 0.129742
159000 0.582957 -1.03427
159100 1.57337 -0.562562
159200 -0.300932 -1.54748
159300 -0.375605 0.442022
159400 0.609652 -0.0879315
159500 -0.716569 0.275704
159600 0.159118 0.0647701
159700 -0.705959 -0.374081
159800 -0.851747 -0.445197
159900 0.589941 1.43498
160000 0.259827 0.69829
160100 -1.46906 0.466735
160200 -1.50312 -0.190304
160300 1.04793 -0.224844
160400 -0.0530368 -1.53775
160500 0.407676 -1.49423
160600 0.463322 0.137592
160700 0.505711 0.0282612
160800 0.321336 -0.383571
160900 -0.102581 -0.473646
161000 -0.693939 0.407458
161100 0.543913 1.32032
161200 0.60888 0.679135
161300 0.0021347 -0.166411
161400 -1.45583 0.0621151
161500 -0.758755 0.374245
161600 -1.43106 1.76845
161700 1.14287 -0.922286
161800 1.21116 0.361403
161900 1.29261 -0.444035
162000 0.957765 -0.668939
162100 -0.015396 -1.35784
162200 -0.157059 0.403046
162300 0.13136 1.68667
162400 -0.516162 0.083448
162500 0.840201 -1.38333
162600 -1.17701 -0.323642
162700 1.12798 0.271927
162800 0.297722 0.684392
162900 -3.0461 1.08131
163000 -0.0894965 -0.384962
163100 -1.25392 -0.394291
163200 -0.367201 -0.105098
163300 0.821217 -1.38391
163400 2.31042 -0.433791
163500 -0.438822 -0.120173
163600 -0.131281 -0.134562
163700 -1.75216 0.486384
163800 0.757593 -0.733441
163900 1.06802 0.560348
164000 0.153759 1.24025
164100 0.0266399 -1.30522
164200 0.00215365 0.392502
164300 -1.15977 1.11347
164400 -1.21543 0.738954
164500 0.161328 0.72966
164600 0.951892 0.481228
164700 2.02785 -1.0446
164800 0.812172 -0.645504
164900 -0.600242 -0.952144
165000 -0.40751 0.0344786
165100 0.956755 1.28639
165200 -1.02978 -0.218863
165300 -0.0662058 -0.849176
165400 -0.576678 0.440739
165500 0.483867 -0.113172
165600 0.754007 -0.13194
165700 -2.12213 1.35481
165800 -0.353187 1.20013
165900 0.0738913 -1.19495
166000 0.0277638 -0.527535
166100 -0.104999 -0.305722
166200 0.305831 -1.3184
166300 0.71499 0.527853
166400 0.179722 -0.250939
166500 -1.65088 -0.271354
166600 0.68236 0.539753
166700 0.228349 -0.350738
166800 0.319281 0.0239606
166900 1.20323 -1.16186
167000 0.00354392 1.50153
167100 -1.78941 0.20157
167200 -1.70439 -0.207828
167300 0.46045 1.43987
167400 0.540681 -0.132687
167500 1.17053 0.493601
167600 0.524216 -0.873879
167700 0.656675 -0.157189
167800 -0.219173 0.84781
167900 -0.709512 0.351311
168000 0.283644 -0.861247
168100 0.20012 0.2474
168200 0.519659 -0.939001
168300 0.10099 -0.501699
168400 -0.688385 -0.701883
168500 0.528492 1.84967
168600 -0.597141 1.25515
168700 -0.175818 -0.700399
168800 -1.18767 -0.11725
168900 0.0391648 -0.540403
169000 0.231929 -1.11044
169100 0.777119 0.166437
169200 -0.592721 0.0652161
169300 -0.79631 -0.247551
169400 0.206813 0.95651
169500 -1.23334 0.753778
169600 2.81351 -0.522164
169700 1.08509 -1.63015
169800 -0.934676 -1.17013
169900 -2.02547 0.665938
170000 -0.290376 0.409188
170100 -0.271358 1.60147
170200 0.904734 1.4227
170300 0.530645 -0.729111
170400 -0.107867 -0.666793
170500 0.797625 -0.0083215
170600 0.46993 0.0535067
170700 -0.19269 -0.171485
170800 -0.909909 0.433415
170900 0.187476 1.32765
171000 -0.0229765 -3.16911
171100 1.05316 -0.508553
171200 1.25378 1.83848
171300 0.347393 1.04364
171400 -1.2532 0.75499
171500 -0.947905 -0.123211
171600 -1.99222 -0.777788
171700 0.928719 0.918076
171800 1.27693 -1.51194
171900 -0.62895 -1.74448
172000 0.102574 0.563448
172100 -1.01548 1.8218
172200 -0.916054 0.316442
172300 1.59555 -0.639223
172400 1.28679 -0.352964
172500 -0.194239 -1.5629
172600 -0.27385 -1.61107
172700 -1.06755 -0.613439
172800 -0.414147 1.68802
172900 -1.2973 1.31606
173000 0.371454 1.04964
173100 0.256153 -0.17815
173200 1.408 -0.842022
173300 0.283991 0.670571
173400 -0.323255 -0.551987
173500 0.569114 1.26492
173600 -0.530995 0.338869
173700 -1.15221 -1.33283
173800 1.00768 -1.3894
173900 0.803018 0.589324
174000 1.97466 0.862549
174100 0.527512 0.603316
174200 -2.17547 0.355082
174300 0.502541 1.96768
174400 0.170229 -0.514933
174500 -1.19661 -0.901316
174600 0.160885 -2.0899
174700 -0.174938 0.505395
174800 -0.598463 -0.685967
174900 -1.69776 0.978307
175000 0.344032 0.659871
175100 1.43905 1.07561
175200 1.24285 -1.62744
175300 -0.0386411 -1.43601
175400 -1.26988 -1.59336
175500 -0.142462 0.208089
175600 -0.843462 1.24591
175700 -1.81227 -0.397556
175800 0.800966 0.101592
175900 0.986938 0.448879
176000 0.349042 0.486641
176100 0.634353 -0.27768
176200 0.146249 1.9642
176300 -0.743135 1.15917
176400 0.192737 -2.30566
176500 -0.789267 -0.178925
176600 0.926367 -0.885891
176700 1.59629 0.641224
176800 0.401755 0.980582
176900 -0.37768 0.168602
177000 0.312411 0.865618
177100 -0.403879 0.453766
177200 0.192106 0.669331
177300 0.636285 -1.27085
177400 -0.634312 -1.4588
177500 -1.1298 -1.05924
177600 -2.37473 0.344735
177700 0.247768 2.1635
177800 1.19769 -0.0262665
177900 1.487 -0.677969
178000 -1.00253 -0.220407
178100 0.923242 -1.04114
178200 -0.309686 -0.348655
178300 -2.06702 -0.757363
178400 0.493485 0.14379
178500 -0.976807 0.704175
178600 -0.823034 0.213187
178700 0.699387 -0.903933
178800 1.52056 0.0922757
178900 0.339941 1.81611
179000 0.949529 1.11386
179100 -1.7469 0.0944891
179200 -0.150687 -2.06709
179300 -0.493528 0.575143
179400 1.3211 0.656095
179500 1.09051 -1.83571
179600 0.103232 0.769088
179700 -0.0155472 1.09777
179800 -0.381201 0.229649
179900 0.0554961 1.61327
180000 0.771629 -0.888646
180100 0.635311 -0.309635
180200 -0.651296 -1.24952
180300 -2.37524 -0.498223
180400 -0.852063 1.62635
180500 0.0755529 -0.421742
180600 1.1846 1.69012
180700 -0.125425 -1.10574
180800 1.80262 -0.411428
180900 0.442502 -1.42063
181000 -1.39847 -0.586716
181100 -1.20012 0.216221
181200 -0.0211486 0.0350804
181300 -0.760408 0.0701377
181400 -0.826652 -0.416589
181500 0.760059 -0.456111
181600 1.46776 0.829019
181700 0.408594 1.57341
181800 -1.00647 0.84965
181900 -0.21265 -0.0239735
182000 -1.0285 0.0985109
182100 0.377723 -1.8085
182200 1.74599 -0.697838
182300 1.41172 -0.205476
182400 -0.921495 1.33748
182500 0.0208188 0.182256
182600 1.25332 0.421187
182700 -1.1417 2.06403
182800 1.79247 -0.090292
182900 0.299823 -1.54864
183000 -1.93453 -0.756841
183100 -1.67811 -0.479576
183200 -0.552281 1.46133
183300 -0.00243092 -0.34641
183400 0.859944 1.20313
183500 1.74283 -0.546414
183600 -0.373908 -0.979719
183700 0.469808 -0.284315
183800 0.278549 -0.953495
183900 -1.47081 -0.113515
184000 -1.45056 0.59145
184100 -1.98969 -0.132333
184200 1.37697 -1.19357
184300 0.83248 -0.104172
184400 0.51718 1.891
184500 -0.0481905 0.271993
184600 -0.628466 -0.0209661
184700 -0.512685 -0.159413
184800 0.0475047 -0.476547
184900 1.54157 -0.559508
185000 0.25742 0.36575
185100 0.00353368 -1.61286
185200 0.0983784 -0.322362
185300 1.19489 1.90307
185400 0.0919802 1.90005
185500 0.739583 0.533657
185600 -0.479188 0.0316403
185700 -0.0384992 -1.63204
185800 -2.06523 -0.622218
185900 -0.0328934 1.42049
186000 0.918998 1.12692
186100 -0.356569 -0.933419
186200 -0.571629 -0.147476
186300 0.643504 -0.988629
186400 0.873627 0.124518
186500 1.75594 -0.377362
186600 -0.496004 0.741036
186700 -2.10633 0.71929
186800 -2.02293 -1.84436
186900 0.459366 -1.79338
187000 1.00114 0.328684
187100 -0.954471 1.42624
187200 -0.26866 0.121436
187300 -0.745765 0.0302777
187400 0.974733 -0.111334
187500 -0.299548 1.94247
187600 0.357825 0.00883692
187700 0.0667376 -1.82632
187800 0.351076 -0.900065
187900 -0.47949 -0.969669
188000 0.181216 0.470068
188100 0.0208871 3.09355
188200 0.984039 -0.291123
188300 1.0151 -1.85355
188400 0.803051 2.34817
188500 -0.220746 0.671543
188600 -0.917648 0.471943
188700 -0.126818 -0.631339
188800 -0.808411 0.407023
188900 -1.44203 -0.0762033
189000 0.150562 -0.304707
189100 1.58364 -0.0141483
189200 1.8118 -1.8134
189300 0.106995 1.41619
189400 -2.25749 0.244933
189500 -0.106581 -0.26794
189600 0.551446 -1.48809
189700 -0.524894 -0.704071
189800 -1.12746 -0.536288
189900 -0.755051 -0.606663
190000 0.0964264 0.980526
190100 -1.07222 1.4755
190200 0.00496131 -0.187862
190300 0.807215 0.413049
190400 -0.476118 -0.948403
190500 0.692217 -1.17117
190600 1.51193 1.35568
190700 -0.998542 0.180201
190800 -2.3194 -0.109206
190900 1.70973 0.239432
191000 0.356562 -1.33509
191100 0.496421 1.95229
191200 0.672244 0.834505
191300 0.744766 0.623257
191400 1.37065 0.189479
191500 -0.780426 0.345099
191600 -1.08304 -0.562819
191700 -0.0457597 0.4627
191800 -0.687063 -0.686219
191900 1.38434 -1.76667
192000 0.0268573 1.26558
192100 -1.09911 1.57335
192200 -0.0473192 -0.0861457
192300 0.544971 -0.148417
192400 0.168903 0.292888
192500 -2.58854 -2.12929
192600 0.376053 -0.779937
192700 1.17373 -1.93221
192800 -0.624032 0.73817
192900 -0.856197 0.715439
193000 0.0487778 0.259262
193100 -0.231345 -0.439077
193200 0.519307 1.05541
193300 -0.311403 0.0483626
193400 -0.0661117 -0.422858
193500 -0.531694 -0.350914
193600 0.0396577 -0.521234
193700 -0.116057 0.535469
193800 -1.30648 1.28115
193900 2.11712 -0.49225
194000 0.818775 -1.26525
194100 0.50023 0.495409
194200 0.642462 1.70584
194300 -0.107575 -0.400312
194400 -0.819405 0.592874
194500 0.362694 0.0191178
194600 1.09914 -0.080893
194700 -0.122305 0.799916
194800 0.322114 -0.633873
194900 0.557192 -1.37091
195000 0.324369 2.02361
195100 -2.6496 0.779155
195200 0.130818 -0.587355
195300 1.87668 -0.44826
195400 -0.45257 -1.10634
195500 -0.992284 0.769994
195600 -0.841378 0.353473
195700 1.1395 -0.374146
195800 0.90863 -1.20904
195900 -2.68839 -0.622879
196000 -0.856503 0.643435
196100 1.73663 -1.81949
196200 -1.1051 -0.380938
196300 0.858059 1.19349
196400 -0.553958 0.416575
196500 -1.0386 0.552844
196600 0.795341 -0.496233
196700 0.977378 -0.991615
196800 -0.258572 0.229217
196900 -0.731877 -0.110619
197000 -0.110326 0.24091
197100 -0.346921 -1.14571
197200 0.559202 0.183095
197300 1.26369 2.19358
197400 0.321168 0.647146
197500 0.346705 -1.35104
197600 -0.277561 1.0925
197700 1.66769 0.973572
197800 -0.453963 -0.624216
197900 -1.8936 0.575662
198000 0.463817 -1.03465
198100 0.6088 -0.622781
198200 -0.809167 1.23534
198300 2.11596 -0.219937
198400 1.16674 0.00866566
198500 -0.669397 0.339548
198600 -1.42791 -0.105426
198700 -0.553598 -1.44696
198800 0.031413 -0.820188
198900 -1.11418 1.18201
199000 -0.372174 -0.213021
199100 -0.176084 -0.103531
199200 -0.712767 -0.38495
199300 -0.474611 -0.0522769
199400 1.73788 -0.0407097
199500 0.3105 0.117588
199600 0.506617 -0.490599
199700 -0.455704 0.29763
199800 -0.833518 -1.69299
199900 0.584377 0.773644
200000 -0.134785 -0.59867
200100 -0.470814 0.198724
200200 0.90932 0.605879
200300 0.514683 0.869554
200400 0.431081 1.01872
200500 0.711971 0.608847
200600 -1.39877 -0.629207
200700 0.269996 1.0706
200800 1.82364 -0.351993
200900 -1.26994 -0.821692
201000 -0.714814 -1.35043
201100 1.7282 0.508094
201200 -0.160783 0.79105
201300 -0.66109 0.253822
201400 1.57878 0.0810339
201500 -0.16039 -0.459866
201600 -1.47108 0.145624
201700 -0.472114 -0.630658
201800 -0.505502 -0.702925
201900 -0.465216 -0.6675
202000 -0.7343 0.487902
202100 -1.20133 0.317458
202200 0.388209 0.196768
202300 1.46203 1.10933
202400 0.454279 -0.947686
202500 -0.783863 -0.0408999
202600 1.13741 -1.21628
202700 0.587263 -0.564724
202800 -1.39089 -0.480536
202900 -1.1061 0.602116
203000 -0.314116 0.220573
203100 0.737179 -0.303595
203200 1.06305 1.06757
203300 1.75267 0.519141
203400 -0.0814721 1.61167
203500 -0.409028 0.687586
203600 -1.11447 -0.866028
203700 -0.0174505 -1.50691
203800 0.599807 0.671883
203900 0.365355 0.983938
204000 -0.743718 -2.39642
204100 0.723395 -0.459321
204200 1.45206 1.69827
204300 -0.244519 1.73712
204400 0.392523 0.510283
204500 0.166034 -1.06984
204600 0.315761 -1.28168
204700 -2.44772 -1.63812
204800 -1.2383 -0.895791
204900 -1.16636 0.577877
205000 0.314098 -0.266971
205100 0.647841 0.844745
205200 1.67788 1.14064
205300 1.33723 -2.24973
205400 -0.168501 0.866894
205500 -1.591 0.204592
205600 -0.692552 0.707665
205700 -1.20187 -1.31562
205800 -0.642073 -2.54922
205900 0.743944 0.312497
206000 0.850163 2.15522
206100 1.22938 2.17755
206200 0.437647 3.74
206300 0.737231 0.895596
206400 -0.0272803 1.67036
206500 -0.492645 -0.54648
206600 -0.247879 1.05695
206700 0.325871 -1.21726
206800 -0.0358823 0.036719
206900 0.049946 0.000263788
207000 0.467125 0.000105499
207100 0.928341 5.61658e-05
207200 -0.412656 -1.58855e-06
207300 -0.924998 -1.51146e-05
207400 -2.83551 -8.27034e-06
207500 -1.30672 -5.1611e-07
207600 1.79451 0
207700 1.9312 0
207800 1.32342 0
207900 0.516925 0
208000 0.385383 0
208100 -0.294098 0
208200 0.0478428 0
208300 -3.59072 0
208400 -1.41851 0
208500 -1.1249 0
208600 1.01387 0
208700 0.550752 0
208800 0.446026 0
208900 -0.902186 0
209000 0.931922 0
209100 -0.393406 0
209200 -0.689289 0
209300 -0.412356 0
209400 1.04108 0
209500 0.166898 0
209600 -0.991837 0
209700 0.746711 0
209800 -0.499185 0
209900 -0.419799 0
210000 0.0291795 0
210100 -0.517149 0
210200 0.608799 0
210300 -0.326708 0
210400 1.30355 0
210500 1.23607 0
210600 0.712478 0
210700 0.755834 0
210800 -0.336385 0
210900 -0.58943 0
211000 -0.326687 0
211100 -0.611557 0
211200 -0.285826 0
211300 -0.0319908 0
211400 0.170761 0
211500 -0.690837 0
211600 1.13994 0
211700 -1.6772 0
211800 -1.02395 0
211900 1.34729 0
212000 -0.437639 0
212100 -0.677228 0
212200 1.76249 0
212300 2.6478 0
212400 -0.191857 0
212500 -0.397674 0
212600 -2.05472 0
212700 -2.75204 0
212800 0.0104807 0
212900 -0.667146 0
213000 -0.842752 0
213100 1.33052 0
213200 2.75012 0
213300 1.54394 0
213400 1.04928 0
213500 -0.525623 0
213600 -1.53859 0
213700 -1.91696 0
213800 0.150992 0
213900 1.34792 0
214000 2.7848 0
214100 1.42999 0
214200 -2.04998 0
214300 -1.61961 0
214400 -0.553011 0
214500 -1.9066 0
214600 1.51299 0
214700 0.419441 0
214800 0.507666 0
214900 0.376566 0
215000 1.50276 0
215100 -2.61727 0
215200 -2.51136 0
215300 -1.005 0
215400 -0.519058 0
215500 -0.632307 0
215600 0.564039 0
215700 0.838336 0
215800 2.19339 0
215900 1.23022 0
216000 -0.740969 0
216100 0.244645 -8.88178e-16
216200 0.0692759 -8.88178e-16
216300 0.827458 -8.88178e-16
216400 0.746796 -8.88178e-16
216500 -0.0818535 -8.88178e-16
216600 -1.02319 -8.88178e-16
216700 1.33505 -8.88178e-16
216800 0.874953 -8.88178e-16
216900 1.41042 -8.88178e-16
217000 1.0508 -8.88178e-16
217100 -0.907368 -8.88178e-16
217200 -0.545183 -8.88178e-16
217300 0.0831629 -8.88178e-16
217400 1.37416 -8.88178e-16
217500 0.486259 -8.88178e-16
217600 0.627116 -8.88178e-16
217700 -1.89971 -8.88178e-16
217800 -1.15143 -8.88178e-16
217900 -1.98008 -8.88178e-16
218000 -2.05608 -8.88178e-16
218100 1.62081 -8.88178e-16
218200 0.589637 -8.88178e-16
218300 -0.830679 -8.88178e-16
218400 -0.543526 -8.88178e-16
218500 0.114986 -8.88178e-16
218600 0.521309 -8.88178e-16
218700 2.05953 -8.88178e-16
218800 0.504805 -8.88178e-16
218900 0.0380075 -8.88178e-16
219000 -0.380613 -8.88178e-16
219100 -1.25853 -6.21725e-16
219200 -0.950495 0
219300 -0.682744 0
219400 -0.346792 0
219500 0.514412 0
219600 1.24213 0
219700 -0.401274 0
219800 0.447548 0
219900 1.26224 0
220000 3.55734 0
220100 2.70071 0
220200 -1.20547 0
220300 -3.79854 0
220400 -2.50158 0
220500 -1.30753 0
220600 1.26311 0
220700 2.86127 0
220800 -0.559702 0
220900 -0.892652 0
221000 -0.940895 0
221100 -1.29356 0
221200 -1.20596 0
221300 0.583089 0
221400 -0.0132877 0
221500 0.403884 0
221600 1.77818 0
221700 0.924841 0
221800 0.189346 0
221900 -1.37252 0
222000 -1.74554 0
222100 -1.4025 0
222200 -0.214507 0
222300 -1.10624 0
222400 0.439346 0
222500 2.52098 0
222600 4.26292 0
222700 0.666946 0
222800 -0.871052 0
222900 -1.73523 0
223000 -2.404 0
223100 -0.367035 0
223200 1.89548 0
223300 1.25879 0
223400 -0.0202197 0
223500 0.811266 0
223600 -2.04276 0
223700 -0.735182 0
223800 -1.72259 0
223900 -0.404306 0
224000 0.531225 0
224100 1.65276 0
224200 0.219093 0
224300 1.24369 0
224400 1.0714 0
224500 -1.23497 0
224600 -2.47259 0
224700 -2.16068 0
224800 -1.40799 0
224900 1.27484 0
225000 0.458377 0
225100 1.41485 0
225200 0.797402 0
225300 -0.870734 0
225400 -0.455343 0
225500 -0.895516 0
225600 0.113673 0
225700 1.81358 0
225800 1.19034 0
225900 -0.629309 0
226000 0.743918 0
226100 -1.17224 0
226200 -0.399916 0
226300 -1.12746 0
226400 -0.374608 0
226500 1.39361 0
226600 0.835155 0
226700 0.541788 0
226800 1.74219 0
226900 1.42362 0
227000 0.869281 0
227100 -1.85702 0
227200 -1.57119 0
227300 -2.35295 0
227400 -1.74531 0
227500 -0.351515 0
227600 0.636728 0
227700 0.967243 0
227800 -0.1371 0
227900 0.456282 0
228000 -0.983941 0
228100 -0.644876 0
228200 -0.36033 0
228300 1.43701 0
228400 1.75549 0
228500 1.38588 0
228600 -0.93587 0
228700 -1.08025 0
228800 -2.94964 0
228900 -0.584515 0
229000 1.97612 0
229100 -0.107431 0
229200 -0.0068064 0
229300 2.79259 0
229400 0.801556 0
229500 1.61959 0
229600 -0.377676 0
229700 -0.882509 0
229800 -0.960258 0
229900 -0.297567 0
230000 1.23303 0
230100 -0.148182 0
230200 1.21024 0
230300 -0.353231 0
230400 -2.25763 0
230500 -1.82476 0
230600 -0.549307 0
230700 1.3534 0
230800 1.53272 0
230900 0.26632 0
231000 0.577578 0
231100 0.266457 0
231200 -0.72414 0
231300 -1.38098 0
231400 0.557487 0
231500 0.400856 0
231600 -1.72558 0
231700 0.849518 0
231800 0.571998 0
231900 -0.222404 0
232000 -0.165295 0
232100 0.302948 0
232200 0.355136 0
232300 0.605057 0
232400 0.120567 0
232500 2.0047 0
232600 0.869541 0
232700 0.288239 0
232800 -0.329534 0
232900 0.097232 0
233000 -0.985325 0
233100 -0.728326 0
233200 -1.59544 0
233300 -0.958652 0
233400 -0.389832 0
233500 1.91297 0
233600 1.96723 0
233700 0.08798 0
233800 -0.103289 0
233900 -1.64504 0
234000 -1.94825 0
234100 0.992936 0
234200 -0.0548444 0
234300 0.232905 0
234400 0.32648 0
234500 -0.332478 0
234600 -0.204024 0
234700 -0.656098 0
234800 -1.42249 0
234900 -0.353888 0
235000 1.14945 0
235100 2.42998 0
235200 1.52853 0
235300 1.39639 0
235400 0.458731 0
235500 -0.568061 0
235600 -0.41621 0
235700 -0.588099 0
235800 -0.311183 0
235900 0.354208 0
236000 -1.13411 0
236100 -0.537139 0
236200 -0.380373 0
236300 -0.426376 0
236400 -0.450523 0
236500 -0.395142 0
236600 1.33938 0
236700 0.926147 0
236800 -1.36666 0
236900 -1.25301 0
237000 1.4892 0
237100 0.331406 0
237200 -1.39801 0
237300 -0.786755 0
237400 -2.5271 0
237500 -0.959993 0
237600 0.687808 0
237700 1.2413 0
237800 1.70383 0
237900 1.25389 0
238000 0.858122 0
238100 -0.389596 0
238200 0.495967 0
238300 0.797418 0
238400 1.6886 0
238500 -1.3776 0
238600 -1.85136 0
238700 0.068222 0
238800 1.2682 0
238900 -0.471349 0
239000 0.816883 0
239100 -1.05891 0
239200 -0.401612 0
239300 0.60709 0
239400 -1.04485 0
239500 0.476627 0
239600 1.81361 0
239700 -2.16114 0
239800 -1.59179 0
239900 -0.524269 0
240000 -1.44909 0
240100 -1.48072 0
240200 0.792321 0
240300 1.25527 0
240400 0.257253 0
240500 0.234631 0
240600 -0.265311 0
240700 -1.45935 0
240800 1.02516 0
240900 0.752396 0
241000 1.63251 0
241100 0.348132 0
241200 -0.825685 0
241300 0.303862 0
241400 0.502098 0
241500 0.11208 0
241600 0.543363 0
241700 0.252781 0
241800 0.696855 0
241900 0.307566 0
242000 -1.20683 0
242100 0.384334 0
242200 -0.974779 0
242300 1.26276 0
242400 -0.797209 0
242500 -0.347278 0
242600 -2.15496 0
242700 -0.710092 0
242800 -0.181667 0
242900 0.72187 0
243000 -0.221471 0
243100 1.19949 0
243200 -1.85509 0
243300 -2.06373 0
243400 0.480227 0
243500 0.506974 0
243600 -0.0392145 0
243700 -0.25056 0
243800 0.850046 0
243900 1.19318 0
244000 1.39516 0
244100 -0.633153 0
244200 -0.881604 0
244300 0.967132 0
244400 0.0689339 0
244500 1.65443 0
244600 0.984571 0
244700 0.8382 0
244800 -0.951521 0
244900 0.614625 0
245000 -0.895818 0
245100 0.14551 0
245200 0.608426 0
245300 0.272232 0
245400 -0.127278 0
245500 -0.557483 0
245600 -0.0655515 0
245700 -1.90541 0
245800 -0.716543 0
245900 0.875288 0
246000 0.324074 0
246100 0.520999 0
246200 -0.91055 0
246300 -1.96509 0
246400 -0.689156 0
246500 0.682959 0
246600 0.59855 0
246700 -1.05404 0
246800 0.058829 0
246900 1.48568 0
247000 1.23239 0
247100 -0.312321 0
247200 0.345474 0
247300 -0.503576 0
247400 1.02725 0
247500 0.639711 0
247600 0.0465225 0
247700 0.361972 0
247800 0.36861 0
247900 1.41541 0
248000 -1.16794 0
248100 1.09796 0
248200 -0.336482 0
248300 0.359741 0
248400 0.615647 0
248500 -0.613225 0
248600 0.489431 0
248700 -0.926981 0
248800 -0.448292 0
248900 -0.263939 0
249000 0.0272202 0
249100 -1.09268 0
249200 -1.80937 0
249300 -1.35692 0
249400 -0.66488 0
249500 1.69394 0
249600 0.101115 0
249700 -0.0472498 0
249800 -0.693669 0
249900 0.565426 0
250000 0.759324 0
250100 0.225503 0
250200 0.752744 0
250300 0.41477 0
250400 0.626818 0
250500 1.00876 0
250600 -0.585353 0
250700 -0.019429 0
250800 -0.143686 0
250900 0.821961 0
251000 1.0674 0
251100 1.13955 0
251200 -2.14168 0
251300 0.30131 0
251400 2.12581 0
251500 -0.224473 0
251600 -1.03466 0
251700 0.152171 0
251800 -1.08855 0
251900 -1.94379 0
252000 -0.319662 0
252100 -0.0188346 0
252200 -1.04501 0
252300 -0.833836 0
252400 -2.72886 0
252500 0.874638 0
252600 1.31607 0
252700 0.618287 0
252800 0.697643 0
252900 0.172838 0
253000 -0.873846 0
253100 0.330486 0
253200 0.78426 0
253300 0.429395 0
253400 -0.839102 0
253500 0.332623 0
253600 -0.326666 0
253700 -1.18889 0
253800 1.14463 0
253900 1.54515 0
254000 1.88723 0
254100 1.89968 0
254200 -0.831339 0
254300 -0.667733 0
254400 0.504889 0
254500 0.345817 0
254600 -0.62825 0
254700 -0.113196 0
254800 -2.00679 0
254900 -1.00149 0
255000 -1.25244 0
255100 -1.34824 0
255200 -0.147271 0
255300 0.359805 0
255400 -0.425521 0
255500 1.0113 0
255600 -0.790772 0
255700 -0.478402 0
255800 1.27448 0
255900 -0.47663 0
256000 -1.53606 0
256100 -0.297908 0
256200 -0.0978461 0
256300 -0.291497 0
256400 -0.857435 0
256500 0.0914372 0
256600 1.04423 0
256700 1.31395 0
256800 0.939989 0
256900 1.48046 0
257000 1.97588 0
257100 0.465341 0
257200 -0.129374 0
257300 -0.019687 0
257400 0.532574 0
257500 -1.21915 0
257600 -0.634449 0
257700 -0.768707 0
257800 -1.39193 0
257900 -0.820243 0
258000 0.839806 0
258100 0.0295661 0
258200 0.571541 0
258300 0.89912 0
258400 -1.04518 0
258500 0.316777 0
258600 -0.135532 0
258700 -0.156373 0
258800 -1.89191 0
258900 -1.41415 0
259000 -1.12005 0
259100 -0.408194 0
259200 0.262548 0
259300 0.383625 0
259400 -0.387749 0
259500 1.03442 0
259600 1.26583 0
259700 2.64546 0
259800 0.957097 0
259900 0.758156 0
260000 0.700948 0
260100 -0.544344 0
260200 -0.262391 0
260300 -0.105207 0
260400 -1.08436 0
260500 0.197404 0
260600 0.783222 0
260700 0.0979088 0
260800 0.394124 0
260900 -0.172245 0
261000 0.519344 0
261100 0.544445 0
261200 0.346051 0
261300 -0.443775 0
261400 -1.20698 0
261500 0.0293942 0
261600 -1.51634 0
261700 -0.784021 0
261800 -0.37089 0
261900 -0.881539 0
262000 -2.38654 0
262100 -0.625773 0
262200 0.942753 0
262300 0.549674 0
262400 2.22116 0
262500 1.16103 0
262600 0.777875 0
262700 -0.570468 0
262800 0.427022 0
262900 0.339059 0
263000 0.723543 0
263100 -0.10298 0
263200 -0.465233 0
263300 0.878516 0
263400 0.546997 0
263500 1.60608 0
263600 0.293257 0
263700 0.758085 0
263800 -0.425378 0
263900 -1.2753 0
264000 -0.548588 0
264100 1.17404 0
264200 1.60796 0
264300 -1.21575 0
264400 -0.970414 0
264500 -2.3933 0
264600 -0.715939 0
264700 -0.645074 0
264800 0.0523274 0
264900 -0.912857 0
265000 -0.453178 0
265100 0.456865 0
265200 -0.0900701 0
265300 1.56818 0
265400 0.69307 0
265500 -0.69603 0
265600 -1.62904 0
265700 0.288168 0
265800 1.15502 0
265900 0.923357 0
266000 0.511418 0
266100 1.07691 0
266200 -0.37536 0
266300 -0.456144 0
266400 0.0715626 0
266500 0.507226 0
266600 0.707433 0
266700 1.94597 0
266800 1.30767 0
266900 0.300845 0
267000 -1.07362 0
267100 -1.68082 0
267200 0.519578 0
267300 -0.794374 0
267400 -0.492357 0
267500 -2.4959 0
267600 0.133808 0
267700 0.00502201 0
267800 0.97227 0
267900 -0.795529 0
268000 0.44228 0
268100 -2.83193 0
268200 -0.360941 0
268300 0.147498 0
268400 -0.595274 0
268500 0.60532 0
268600 2.27974 0
268700 -2.30069 0
268800 0.583911 0
268900 0.121086 0
269000 0.0279488 0
269100 -0.097717 0
269200 2.02334 0
269300 0.853992 0
269400 0.56692 0
269500 -0.717218 0
269600 0.881396 0
269700 1.04611 0
269800 0.504863 0
269900 -0.104416 0
270000 -1.2445 0
270100 -0.0142841 0
270200 0.299472 0
270300 -0.819741 0
270400 -0.511022 0
270500 -0.180094 0
270600 -0.541906 0
270700 -0.625387 0
270800 0.227444 0
270900 -1.09806 0
271000 -0.349495 0
271100 -0.20505 0
271200 -0.912621 0
271300 -1.74232 0
271400 0.475622 0
271500 -0.520167 0
271600 -0.460771 0
271700 0.293527 0
271800 0.839811 0
271900 -0.126676 0
272000 0.229361 0
272100 0.451784 0
272200 1.06314 0
272300 0.925381 0
272400 1.06836 0
272500 -0.251398 0
272600 0.884734 0
272700 -0.344962 0
272800 -0.535724 0
272900 1.22378 0
273000 0.402339 0
273100 -0.0133076 0
273200 1.25781 0
273300 0.381542 0
273400 -0.604033 0
273500 -0.95373 0
273600 0.105228 0
273700 -1.03073 0
273800 -1.09933 0
273900 -2.03564 0
274000 -0.622952 0
274100 0.425804 0
274200 -0.392285 0
274300 1.03497 0
274400 -0.742006 0
274500 0.0743443 0
274600 -0.566704 0
274700 -0.650304 0
274800 -0.362556 0
274900 1.09622 0
275000 0.815973 0
275100 1.00609 0
275200 -0.0392423 0
275300 -0.415132 0
275400 -0.594994 0
275500 -0.178217 0
275600 0.671975 0
275700 0.797671 0
275800 2.5612 0
275900 2.20469 0
276000 0.166049 0
276100 -0.41518 0
276200 -0.0420669 0
276300 -0.770584 0
276400 -0.221011 0
276500 -0.846924 0
276600 0.861921 0
276700 -0.508746 0
276800 -0.345103 0
276900 -1.23383 0
277000 -0.35549 0
277100 -0.742177 0
277200 -0.667851 0
277300 -0.98294 0
277400 0.959549 0
277500 0.3636 0
277600 1.38537 0
277700 -1.07686 0
277800 -0.796687 0
277900 -0.289825 0
278000 -1.33046 0
278100 -1.13415 0
278200 0.277635 0
278300 1.04662 0
278400 1.64193 0
278500 2.08271 0
278600 1.58626 0
278700 1.12321 0
278800 0.951337 0
278900 -1.18203 0
279000 0.456982 0
279100 -0.101309 0
279200 -0.740813 0
279300 0.91294 0
279400 1.76438 0
279500 -2.01372 0
279600 -1.00254 0
279700 -0.792763 0
279800 -2.37426 0
279900 0.416431 0
280000 2.04272 0
280100 0.291816 0
280200 0.0646297 0
280300 1.51133 0
280400 -2.41296 0
280500 -0.89927 0
280600 -0.406307 0
280700 -1.38728 0
280800 -0.829496 0
280900 0.832304 0
281000 -0.304626 0
281100 -0.138218 0
281200 0.854987 0
281300 -0.457663 0
281400 -0.410703 0
281500 2.675 0
281600 1.228 0
281700 0.245954 0
281800 0.167132 0
281900 0.577503 0
282000 0.764199 0
282100 0.445512 0
282200 -1.62042 0
282300 -1.22027 0
282400 -0.0129029 0
282500 1.64265 0
282600 -0.803348 0
282700 -0.752153 0
282800 1.40229 0
282900 1.09798 0
283000 0.291873 0
283100 -0.930142 0
283200 -0.191913 0
283300 -1.54174 0
283400 -1.08697 0
283500 -0.35904 0
283600 -0.573122 0
283700 0.28918 0
283800 -1.78844 0
283900 -2.89911 0
284000 -0.683396 0
284100 2.57312 0
284200 1.3215 0
284300 0.63259 0
284400 0.701886 0
284500 1.27747 0
284600 0.238248 0
284700 0.823091 0
284800 -1.27951 0
284900 -0.694381 0
285000 0.489884 0
