100 2.20826
200 1.53618
300 1.26952
400 1.3849
500 1.32824
600 1.49379
700 2.3592
800 2.38162
900 1.79547
1000 2.00047
1100 2.00643
1200 1.47552
1300 1.33455
1400 1.68361
1500 1.97098
1600 1.99045
1700 2.37985
1800 3.45493
1900 3.32935
2000 2.86158
2100 2.31709
2200 1.91214
2300 1.8827
2400 1.95194
2500 2.2476
2600 2.0383
2700 1.34512
2800 1.36468
2900 1.93478
3000 2.20834
3100 2.14019
3200 1.89078
3300 1.77091
3400 2.2203
3500 2.61116
3600 2.73243
3700 2.44825
3800 2.40085
3900 2.84333
4000 2.67587
4100 2.64463
4200 2.57633
4300 2.61353
4400 2.80614
4500 2.74294
4600 2.84729
4700 2.79767
4800 2.54431
4900 2.17084
5000 2.10877
5100 2.02338
5200 1.98382
5300 2.50962
5400 2.42776
5500 2.8648
5600 2.99462
5700 2.95442
5800 2.89451
5900 2.77448
6000 3.36703
6100 2.79322
6200 2.49216
6300 2.81124
6400 3.01991
6500 3.42456
6600 3.85714
6700 3.8972
6800 3.99036
6900 4.07258
7000 4.13896
7100 4.36663
7200 4.03448
7300 3.69231
7400 4.13805
7500 4.36205
7600 4.30935
7700 4.06295
7800 3.64963
7900 3.27064
8000 3.07359
8100 3.10051
8200 3.46233
8300 3.51105
8400 3.94043
8500 3.89376
8600 3.69085
8700 4.12031
8800 4.59993
8900 4.26679
9000 3.73318
9100 3.73501
9200 3.71152
9300 3.46937
9400 3.56393
9500 3.51735
9600 3.62998
9700 3.64843
9800 3.45186
9900 3.75525
10000 3.94817
10100 3.99634
10200 3.98006
10300 3.87583
10400 3.81115
10500 3.96612
10600 3.92638
10700 4.04228
10800 3.7895
10900 3.84104
11000 4.22501
11100 4.39771
11200 4.04073
11300 3.62647
11400 3.48764
11500 3.27933
11600 3.61036
11700 4.0691
11800 4.17602
11900 4.47811
12000 4.90307
12100 5.00778
12200 4.36404
12300 3.90416
12400 4.03598
12500 4.32299
12600 4.66264
12700 4.85761
12800 4.85697
12900 4.73812
13000 5.11681
13100 4.84815
13200 4.64156
13300 4.54674
13400 4.21243
13500 3.99864
13600 4.02442
13700 3.40756
13800 3.65119
13900 4.13676
14000 4.03044
14100 3.99888
14200 3.51242
14300 3.31406
14400 3.13024
14500 3.29682
14600 3.42298
14700 3.44494
14800 3.75479
14900 3.58113
15000 3.13219
15100 2.49647
15200 2.60097
15300 2.77134
15400 2.85208
15500 2.56824
15600 2.70594
15700 2.75216
15800 2.82196
15900 2.74954
16000 2.48226
16100 2.50614
16200 2.43026
16300 2.24323
16400 1.2297
16500 1.13134
16600 1.00616
16700 0.52958
16800 0.554165
16900 0.830481
17000 0.630904
17100 0.55009
17200 0.733476
17300 0.452677
17400 0.335388
17500 0.519589
17600 0.65508
17700 0.86033
17800 1.42164
17900 1.96829
18000 1.79847
18100 1.19973
18200 0.786297
18300 0.302313
18400 0.302626
18500 0.227284
18600 0.760046
18700 0.827432
18800 0.613937
18900 0.836549
19000 0.860224
19100 0.912524
19200 1.01651
19300 1.09779
19400 1.25433
19500 1.15879
19600 1.0171
19700 1.18687
19800 1.33572
19900 1.34549
20000 1.32453
20100 1.32157
20200 1.07453
20300 0.938313
20400 1.34023
20500 1.75915
20600 1.70563
20700 1.48926
20800 1.15865
20900 0.58829
21000 0.208786
21100 0.275703
21200 0.736234
21300 0.988664
21400 1.25213
21500 1.19732
21600 1.40732
21700 1.34748
21800 1.19684
21900 1.16877
22000 1.24322
22100 1.4839
22200 1.75622
22300 1.75174
22400 2.07682
22500 2.3916
22600 2.68479
22700 2.51054
22800 2.3285
22900 2.35487
23000 2.99563
23100 3.49688
23200 4.21203
23300 4.23212
23400 4.16829
23500 3.79511
23600 3.26586
23700 3.2319
23800 3.03181
23900 3.21393
24000 3.29187
24100 3.16146
24200 3.11627
24300 3.43545
24400 3.48647
24500 3.74552
24600 3.52319
24700 3.43217
24800 3.61396
24900 3.70748
25000 3.35549
25100 3.19318
25200 3.67621
25300 3.70295
25400 3.54877
25500 3.48144
25600 3.61149
25700 4.00956
25800 4.39852
25900 4.03392
26000 4.03008
26100 4.28302
26200 4.10712
26300 3.91753
26400 3.47259
26500 3.44389
26600 3.28567
26700 3.82349
26800 4.08775
26900 4.17236
27000 4.55562
27100 4.73035
27200 4.4301
27300 4.1647
27400 3.95806
27500 4.24925
27600 4.08285
27700 3.83496
27800 3.66395
27900 3.361
28000 3.41801
28100 3.47928
28200 3.81819
28300 4.27403
28400 4.44931
28500 4.45861
28600 4.83713
28700 5.02155
28800 4.87748
28900 4.68239
29000 4.31646
29100 4.20159
29200 4.309
29300 4.07379
29400 4.22455
29500 4.45004
29600 4.65713
29700 4.94576
29800 5.05824
29900 5.00484
30000 5.20763
30100 5.7475
30200 5.96578
30300 5.9768
30400 6.0378
30500 5.51002
30600 4.85044
30700 4.61403
30800 4.28974
30900 4.05338
31000 4.16723
31100 4.15798
31200 4.0352
31300 4.02496
31400 4.18152
31500 4.14496
31600 4.0539
31700 3.75812
31800 3.61253
31900 3.32106
32000 3.39938
32100 3.84837
32200 3.8655
32300 3.86056
32400 4.04314
32500 4.4316
32600 4.5904
32700 4.96648
32800 5.49562
32900 5.55744
33000 5.42339
33100 5.33295
33200 5.23228
33300 5.07164
33400 5.27096
33500 5.70196
33600 6.05968
33700 6.32281
33800 6.37996
33900 6.96994
34000 7.12043
34100 7.18583
34200 7.17838
34300 7.02047
34400 6.77996
34500 6.90832
34600 7.0032
34700 7.15869
34800 7.30375
34900 7.78341
35000 7.84585
35100 8.073
35200 8.54042
35300 8.7979
35400 8.81327
35500 8.58033
35600 9.01904
35700 9.13447
35800 8.78806
35900 9.07284
36000 9.33386
36100 9.67344
36200 9.69583
36300 9.73697
36400 9.8534
36500 10.0523
36600 9.98798
36700 9.59508
36800 9.51571
36900 9.61549
37000 9.28885
37100 8.86621
37200 8.7397
37300 8.71537
37400 8.62199
37500 8.60151
37600 8.80739
37700 8.9822
37800 9.02766
37900 9.3654
38000 9.26802
38100 9.636
38200 9.9556
38300 10.3817
38400 10.2427
38500 9.79061
38600 8.85997
38700 8.51415
38800 8.13348
38900 7.79294
39000 7.71694
39100 7.16386
39200 7.0365
39300 6.85704
39400 6.44808
39500 6.39994
39600 6.73219
39700 7.04234
39800 6.82188
39900 6.48708
40000 6.52652
40100 6.97899
40200 6.87511
40300 6.70104
40400 7.08958
40500 6.8642
40600 6.7459
40700 6.93267
40800 6.85658
40900 6.53516
41000 6.34562
41100 6.1522
41200 5.91294
41300 6.0546
41400 6.14458
41500 5.82159
41600 5.42791
41700 5.77299
41800 6.45413
41900 6.52472
42000 6.36949
42100 6.30114
42200 6.45874
42300 6.76448
42400 6.65537
42500 6.24897
42600 5.98962
42700 5.77576
42800 5.38057
42900 5.19131
43000 4.54313
43100 4.51421
43200 4.36559
43300 4.66166
43400 5.28028
43500 5.96002
43600 6.253
43700 6.05985
43800 5.69091
43900 5.65625
44000 5.53644
44100 5.36475
44200 5.30695
44300 5.39443
44400 5.58577
44500 5.78308
44600 5.89394
44700 5.59756
44800 5.44156
44900 5.21488
45000 4.99367
45100 4.84436
45200 4.74034
45300 4.76388
45400 4.61583
45500 4.03681
45600 3.69414
45700 3.5769
45800 3.81563
45900 3.99716
46000 3.98516
46100 4.16282
46200 4.44136
46300 4.3094
46400 4.22793
46500 4.24658
46600 4.34911
46700 4.37755
46800 4.36324
46900 4.23405
47000 4.67303
47100 4.93956
47200 5.13359
47300 5.33239
47400 5.52647
47500 5.56221
47600 4.88512
47700 4.32853
47800 3.92324
47900 3.97543
48000 4.22881
48100 4.46324
48200 4.37606
48300 4.43544
48400 4.36525
48500 4.23875
48600 4.09443
48700 4.0653
48800 4.01079
48900 4.08561
49000 3.9881
49100 3.69842
49200 3.90751
49300 3.88162
49400 3.94909
49500 4.05009
49600 4.18638
49700 4.3898
49800 3.98295
49900 3.98582
50000 3.9788
50100 3.97006
50200 3.90681
50300 3.79699
50400 4.20117
50500 4.57111
50600 4.38271
50700 4.16945
50800 4.04121
50900 3.93481
51000 3.66558
51100 3.87622
51200 4.33294
51300 4.34449
51400 4.25616
51500 4.26357
51600 4.54964
51700 4.47853
51800 4.33789
51900 4.30882
52000 4.61025
52100 4.37396
52200 3.99356
52300 3.91689
52400 3.70726
52500 3.61993
52600 3.17047
52700 3.14473
52800 3.91513
52900 4.23661
53000 3.82148
53100 3.94996
53200 3.82251
53300 4.05154
53400 4.19046
53500 4.26422
53600 4.56601
53700 5.22568
53800 5.12926
53900 5.21719
54000 5.26719
54100 5.03749
54200 4.9321
54300 4.73446
54400 4.58871
54500 4.56893
54600 4.09567
54700 4.12421
54800 4.39997
54900 4.82297
55000 5.18411
55100 5.33351
55200 4.99187
55300 5.11067
55400 5.33851
55500 5.69072
55600 5.63171
55700 5.69217
55800 5.74218
55900 6.27977
56000 6.79825
56100 6.52391
56200 5.90339
56300 5.61525
56400 5.51859
56500 5.24163
56600 5.00916
56700 4.46995
56800 4.36466
56900 4.1635
57000 4.38727
57100 4.94402
57200 5.01053
57300 5.22212
57400 5.14097
57500 4.9377
57600 5.3999
57700 5.75487
57800 5.73
57900 5.7746
58000 5.17342
58100 4.59135
58200 4.14552
58300 3.83758
58400 3.8959
58500 3.93536
58600 3.92604
58700 3.8429
58800 3.82374
58900 3.61485
59000 3.81377
59100 4.0523
59200 4.07539
59300 4.10335
59400 3.51602
59500 3.51289
59600 3.21773
59700 2.97438
59800 2.87314
59900 2.84736
60000 2.90653
60100 2.74554
60200 3.47036
60300 4.50787
60400 4.45281
60500 3.97549
60600 4.05772
60700 4.34795
60800 4.73578
60900 4.62894
61000 5.10795
61100 5.07798
61200 5.21738
61300 4.97039
61400 4.77623
61500 4.91295
61600 4.7806
61700 4.73343
61800 4.81312
61900 4.57901
62000 4.41849
62100 4.9778
62200 5.74745
62300 6.23341
62400 6.85052
62500 6.6449
62600 6.36592
62700 6.79429
62800 6.72594
62900 6.38362
63000 6.30527
63100 6.35564
63200 6.02798
63300 6.46058
63400 6.46955
63500 6.30608
63600 5.81666
63700 5.81846
63800 6.00163
63900 5.87563
64000 5.88954
64100 6.09913
64200 6.06818
64300 6.57442
64400 6.65226
64500 6.75482
64600 6.67446
64700 6.20877
64800 5.9808
64900 6.35405
65000 6.73179
65100 6.50691
65200 6.69205
65300 6.63228
65400 6.6882
65500 6.36885
65600 6.13272
65700 6.41877
65800 6.45614
65900 6.85665
66000 7.01676
66100 6.81876
66200 6.61049
66300 6.55876
66400 6.65631
66500 6.80298
66600 6.69001
66700 6.40887
66800 6.35992
66900 6.30119
67000 6.82032
67100 7.10823
67200 7.04345
67300 6.86617
67400 6.98795
67500 7.1956
67600 7.48911
67700 7.62308
67800 7.80501
67900 8.41194
68000 8.33319
68100 8.3284
68200 8.20744
68300 8.65775
68400 8.93352
68500 8.81235
68600 9.09493
68700 9.01155
68800 9.11696
68900 9.48056
69000 9.85001
69100 9.58614
69200 9.44538
69300 9.60396
69400 9.40383
69500 9.72078
69600 9.8539
69700 9.81063
69800 9.43352
69900 9.23684
70000 8.8083
70100 8.5802
70200 8.16313
70300 7.88866
70400 7.90333
70500 7.85373
70600 7.77209
70700 7.7047
70800 7.8308
70900 7.85694
71000 7.6854
71100 7.75947
71200 7.54418
71300 7.91064
71400 8.15781
71500 7.351
71600 6.95729
71700 6.56576
71800 6.96342
71900 7.15861
72000 7.14996
72100 7.0061
72200 7.33013
72300 7.38219
72400 7.50422
72500 7.72135
72600 7.76138
72700 8.04543
72800 8.14208
72900 8.19251
73000 8.36419
73100 8.51196
73200 9.43884
73300 9.71633
73400 9.54065
73500 9.31613
73600 9.13992
73700 9.40026
73800 9.26884
73900 8.87582
74000 8.47846
74100 8.24623
74200 8.10797
74300 7.95145
74400 8.02371
74500 7.57096
74600 7.34928
74700 7.71102
74800 8.27947
74900 8.36389
75000 8.65509
75100 9.02304
75200 8.87095
75300 8.97737
75400 8.89415
75500 9.09643
75600 9.09451
75700 9.22504
75800 9.19583
75900 9.1053
76000 8.94647
76100 8.5749
76200 8.33081
76300 8.31953
76400 8.30616
76500 8.42708
76600 8.43679
76700 7.42898
76800 7.2488
76900 6.95443
77000 6.94061
77100 7.27989
77200 7.343
77300 7.30907
77400 7.12703
77500 6.64893
77600 6.24614
77700 5.94268
77800 5.42521
77900 4.84095
78000 5.07293
78100 5.29641
78200 5.56505
78300 5.7131
78400 5.74611
78500 5.67469
78600 5.31339
78700 5.17951
78800 5.31578
78900 5.02451
79000 5.09971
79100 5.01552
79200 5.21764
79300 5.09141
79400 4.98929
79500 5.25258
79600 5.33966
79700 5.4641
79800 5.42725
79900 5.15229
80000 4.88077
80100 4.73372
80200 5.55623
80300 5.89012
80400 5.93453
80500 6.25969
80600 6.46244
80700 6.10141
80800 5.95384
80900 5.98251
81000 5.67609
81100 5.5958
81200 6.12193
81300 5.87887
81400 5.78977
81500 5.74797
81600 5.49723
81700 5.52894
81800 6.03373
81900 6.095
82000 6.43498
82100 7.01219
82200 6.93717
82300 6.86213
82400 7.41044
82500 7.42196
82600 7.22779
82700 6.88992
82800 6.77009
82900 6.80675
83000 6.66295
83100 6.2546
83200 5.74823
83300 5.87752
83400 6.10246
83500 6.31775
83600 6.56074
83700 7.32163
83800 7.3478
83900 7.04227
84000 6.92566
84100 7.30813
84200 7.59936
84300 7.74361
84400 7.49731
84500 7.59772
84600 7.02842
84700 6.55365
84800 6.19806
84900 6.32062
85000 7.007
85100 7.44571
85200 7.83918
85300 8.12392
85400 7.92092
85500 7.80464
85600 7.27021
85700 6.72588
85800 6.58129
85900 6.70716
86000 7.15542
86100 7.64763
86200 7.83947
86300 7.87972
86400 7.77046
86500 8.11321
86600 8.10238
86700 8.03332
86800 7.9983
86900 8.33081
87000 8.84535
87100 9.16434
87200 9.13895
87300 9.15247
87400 9.54935
87500 9.44919
87600 9.48636
87700 9.6341
87800 9.88109
87900 9.79154
88000 10.1198
88100 10.1629
88200 10.5563
88300 10.6386
88400 10.8759
88500 11.073
88600 11.1279
88700 11.2052
88800 10.9843
88900 10.9307
89000 11.1153
89100 11.1403
89200 11.0685
89300 11.0194
89400 10.2941
89500 9.96147
89600 10.0591
89700 10.5113
89800 10.6606
89900 10.2418
90000 9.90426
90100 10.0863
90200 9.71522
90300 9.32318
90400 9.19207
90500 8.98308
90600 8.69081
90700 8.95929
90800 9.10621
90900 8.53788
91000 7.78774
91100 7.64522
91200 8.06079
91300 8.53984
91400 8.98123
91500 9.09247
91600 9.09223
91700 8.68903
91800 8.78359
91900 9.15261
92000 9.13039
92100 8.71617
92200 8.63521
92300 8.5023
92400 8.52358
92500 8.35464
92600 8.53005
92700 8.56734
92800 8.69192
92900 9.21049
93000 9.67412
93100 9.23673
93200 8.61966
93300 8.5871
93400 9.00866
93500 9.05048
93600 8.42847
93700 8.61971
93800 9.08435
93900 9.33808
94000 9.45265
94100 9.14085
94200 8.98821
94300 8.47701
94400 7.9013
94500 7.86127
94600 7.78155
94700 7.85401
94800 8.29606
94900 8.66252
95000 9.00947
95100 8.84845
95200 8.4344
95300 8.52775
95400 8.95157
95500 9.19221
95600 9.63037
95700 9.35089
95800 9.51484
95900 9.16368
96000 9.55378
96100 10.2597
96200 10.5811
96300 10.2183
96400 10.2833
96500 10.4026
96600 10.2905
96700 10.0402
96800 9.77298
96900 9.61909
97000 9.78202
97100 9.35499
97200 8.72321
97300 9.05129
97400 9.39578
97500 9.4361
97600 9.37148
97700 9.45913
97800 9.92141
97900 9.92906
98000 9.51915
98100 9.23584
98200 9.75813
98300 10.0598
98400 9.80349
98500 10.014
98600 10.6771
98700 10.9648
98800 11.504
98900 11.0474
99000 10.5677
99100 10.6969
99200 10.9323
99300 11.2466
99400 11.2991
99500 10.973
99600 11.2648
99700 11.1935
99800 11.2898
99900 11.227
100000 11.015
100100 11.0636
100200 10.6098
100300 10.5994
100400 10.3124
100500 10.0585
100600 9.94239
100700 10.0628
100800 9.98101
100900 9.64865
101000 9.50713
101100 9.68276
101200 9.61625
101300 9.31223
101400 9.48615
101500 10.199
101600 10.3713
101700 10.4631
101800 10.3071
101900 9.96297
102000 9.51668
102100 9.38882
102200 9.27335
102300 9.15187
102400 8.7341
102500 8.80043
102600 9.53588
102700 10.1475
102800 9.17163
102900 8.08924
103000 7.72688
103100 8.05412
103200 8.18378
103300 8.2063
103400 8.07135
103500 8.01857
103600 7.93483
103700 7.70016
103800 7.95573
103900 7.89317
104000 7.78205
104100 7.71185
104200 7.94213
104300 8.26875
104400 8.5498
104500 8.35964
104600 8.24752
104700 7.89777
104800 8.03985
104900 8.41061
105000 8.55332
105100 8.14535
105200 7.76278
105300 7.31339
105400 6.51535
105500 6.19309
105600 6.21132
105700 6.34854
105800 6.27318
105900 6.4581
106000 6.52083
106100 6.72792
106200 6.7524
106300 6.20192
106400 5.99752
106500 5.73225
106600 6.07801
106700 6.58331
106800 7.07178
106900 7.10274
107000 6.49578
107100 6.26782
107200 5.69604
107300 5.81348
107400 5.83935
107500 6.13362
107600 5.80593
107700 5.57202
107800 5.56654
107900 6.22676
108000 6.55786
108100 6.38942
108200 5.95717
108300 5.67888
108400 5.92805
108500 6.06297
108600 5.3484
108700 5.27249
108800 5.21448
108900 4.64357
109000 4.14245
109100 4.07303
109200 4.24797
109300 4.76927
109400 4.8729
109500 4.75282
109600 5.32442
109700 5.89753
109800 5.71749
109900 5.32123
110000 5.73098
110100 6.37441
110200 6.48482
110300 6.55905
110400 7.0283
110500 7.32226
110600 7.81339
110700 7.9348
110800 7.47088
110900 6.88264
111000 6.62227
111100 6.63118
111200 6.21903
111300 5.78794
111400 5.63276
111500 6.13249
111600 6.68995
111700 6.82237
111800 7.29364
111900 7.05308
112000 6.62588
112100 5.7591
112200 5.06774
112300 4.74917
112400 4.40877
112500 4.38649
112600 5.09096
112700 5.81576
112800 6.52851
112900 7.20229
113000 7.63622
113100 7.3974
113200 7.13335
113300 6.68897
113400 7.06955
113500 7.27743
113600 7.27824
113700 7.19101
113800 7.13436
113900 7.30996
114000 7.71377
114100 7.21344
114200 7.24554
114300 7.61046
114400 7.66332
114500 7.31947
114600 6.82424
114700 6.62859
114800 6.68394
114900 6.43214
115000 6.59323
115100 6.22378
115200 5.953
115300 5.53217
115400 5.53228
115500 5.38661
115600 5.355
115700 5.26183
115800 5.51664
115900 5.74385
116000 5.84813
116100 5.87833
116200 5.7056
116300 5.38845
116400 5.61061
116500 5.78579
116600 5.25008
116700 5.62152
116800 6.25034
116900 6.47484
117000 6.61393
117100 6.31244
117200 6.87024
117300 7.15656
117400 7.2858
117500 7.50467
117600 7.57083
117700 7.27526
117800 6.80466
117900 6.65961
118000 6.42678
118100 5.74619
118200 5.62491
118300 5.94719
118400 6.26855
118500 6.46171
118600 6.11816
118700 6.2855
118800 6.09823
118900 5.99401
119000 6.08238
119100 6.69791
119200 6.98802
119300 7.0633
119400 6.91369
119500 6.41985
119600 6.74445
119700 6.33246
119800 6.08037
119900 5.9462
120000 5.95957
120100 6.42212
120200 6.72862
120300 6.99279
120400 7.03583
120500 7.04443
120600 7.12656
120700 7.46951
120800 7.78877
120900 7.72938
121000 7.81599
121100 7.69021
121200 7.58513
121300 7.81321
121400 7.88967
121500 7.83868
121600 7.66637
121700 7.96539
121800 8.17176
121900 8.1091
122000 8.46402
122100 8.75022
122200 8.90047
122300 9.07427
122400 8.91458
122500 8.75233
122600 8.6619
122700 8.64647
122800 8.13111
122900 7.86542
123000 7.80117
123100 7.91068
123200 7.81472
123300 7.48352
123400 7.11218
123500 6.98906
123600 6.94456
123700 7.49149
123800 7.62513
123900 7.71291
124000 8.18317
124100 8.45451
124200 8.38791
124300 8.49273
124400 9.12436
124500 8.70252
124600 8.34503
124700 8.06421
124800 8.08486
124900 8.33592
125000 8.27671
125100 8.47673
125200 8.26782
125300 8.23776
125400 8.53281
125500 8.65177
125600 8.89825
125700 8.83834
125800 8.16745
125900 7.81971
126000 7.85557
126100 8.57506
126200 9.03823
126300 8.99553
126400 9.04723
126500 9.02546
126600 9.06418
126700 9.08306
126800 9.09725
126900 9.42999
127000 9.87176
127100 10.5703
127200 10.7707
127300 10.3022
127400 10.2745
127500 10.3194
127600 9.94422
127700 9.62395
127800 9.88683
127900 9.93186
128000 9.96761
128100 9.74314
128200 9.41321
128300 9.12506
128400 9.02022
128500 9.58929
128600 9.83607
128700 9.94667
128800 9.96385
128900 9.9558
129000 10.221
129100 10.3363
129200 10.8085
129300 10.7787
129400 10.84
129500 11.209
129600 11.3704
129700 11.2268
129800 11.063
129900 10.9347
130000 10.8344
130100 11.0544
130200 11.2953
130300 11.7306
130400 12.0975
130500 12.2454
130600 12.0336
130700 11.6026
130800 11.5371
130900 11.2757
131000 11.0993
131100 11.0636
131200 11.4998
131300 12.0462
131400 12.1446
131500 12.1857
131600 11.8519
131700 11.3937
131800 11.1246
131900 11.3472
132000 11.991
132100 12.3754
132200 12.2699
132300 12.2603
132400 12.9044
132500 13.1252
132600 12.7891
132700 12.5105
132800 12.0092
132900 12.1491
133000 12.1832
133100 11.6751
133200 11.3996
133300 11.1356
133400 11.0811
133500 10.8803
133600 10.7165
133700 11.0382
133800 11.51
133900 11.0963
134000 10.9906
134100 11.5238
134200 11.9661
134300 11.9119
134400 11.9517
134500 11.7991
134600 11.5842
134700 11.6875
134800 11.3044
134900 10.7983
135000 10.5835
135100 10.8181
135200 10.739
135300 10.5544
135400 10.5251
135500 9.90245
135600 9.88512
135700 10.2047
135800 10.692
135900 11.0206
136000 11.4142
136100 11.6912
136200 11.9237
136300 12.2945
136400 12.2186
136500 12.0131
136600 11.9339
136700 12.1611
136800 12.1753
136900 11.9204
137000 11.3082
137100 11.6346
137200 12.1391
137300 12.3214
137400 12.3726
137500 12.3292
137600 12.4265
137700 12.0735
137800 11.7363
137900 11.6743
138000 11.9547
138100 11.7971
138200 11.7196
138300 11.6197
138400 11.7539
138500 11.7383
138600 11.759
138700 11.7394
138800 11.2872
138900 11.6323
139000 11.96
139100 11.9761
139200 12.1677
139300 11.6458
139400 11.6736
139500 11.4006
139600 10.9133
139700 10.8482
139800 10.5688
139900 10.1519
140000 9.91211
140100 10.0673
140200 10.4318
140300 10.6305
140400 10.9719
140500 11.1087
140600 10.9003
140700 10.9964
140800 10.7317
140900 10.3841
141000 10.4639
141100 10.6965
141200 10.3475
141300 10.4976
141400 10.3185
141500 10.0156
141600 10.0707
141700 9.73476
141800 9.49793
141900 9.79647
142000 9.85844
142100 10.3192
142200 10.4666
142300 10.6589
142400 10.9601
142500 11.0499
142600 10.9675
142700 10.7528
142800 10.9575
142900 11.1003
143000 11.4588
143100 11.4765
143200 11.1819
143300 10.7277
143400 10.1334
143500 9.92782
143600 9.86003
143700 9.66359
143800 9.91663
143900 9.83408
144000 9.79598
144100 9.94331
144200 9.88259
144300 9.76196
144400 9.76419
144500 9.41414
144600 8.84667
144700 8.4621
144800 7.59413
144900 7.53379
145000 7.95559
145100 9.13747
145200 10.3193
145300 11.2437
145400 11.2851
145500 11.2383
145600 11.3825
145700 11.55
145800 11.2756
145900 11.0921
146000 11.2984
146100 10.9619
146200 10.5101
146300 10.6128
146400 10.53
146500 10.4713
146600 10.7819
146700 11.3719
146800 11.5707
146900 11.4164
147000 11.4037
147100 11.1058
147200 11.2328
147300 11.558
147400 11.7915
147500 12.1072
147600 12.3567
147700 12.0662
147800 12.1258
147900 12.0974
148000 11.9711
148100 11.9012
148200 11.8335
148300 11.7118
148400 11.8718
148500 12.0347
148600 12.58
148700 12.4886
148800 12.2356
148900 12.2877
149000 12.3588
149100 12.514
149200 12.3854
149300 12.0068
149400 11.7691
149500 11.3943
149600 11.1827
149700 11.0771
149800 11.0782
149900 11.328
150000 11.6243
150100 12.1339
150200 12.4198
150300 12.2993
150400 12.1012
150500 11.4344
150600 10.8914
150700 10.2293
150800 9.83943
150900 9.69254
151000 9.39972
151100 8.8306
151200 8.57316
151300 8.70232
151400 9.08412
151500 9.28341
151600 9.32482
151700 9.45058
151800 9.49273
151900 9.82163
152000 9.99592
152100 9.42719
152200 8.5377
152300 7.95785
152400 7.6145
152500 7.8381
152600 8.81782
152700 9.25078
152800 9.2218
152900 8.78707
153000 8.23632
153100 8.36808
153200 8.91179
153300 8.91318
153400 8.99066
153500 9.04512
153600 8.50106
153700 8.3364
153800 8.29753
153900 8.46893
154000 8.2977
154100 7.87525
154200 7.48114
154300 7.47837
154400 7.95145
154500 7.85208
154600 7.59149
154700 7.64196
154800 7.82746
154900 7.93663
155000 8.25318
155100 8.26105
155200 7.91347
155300 8.12395
155400 8.38041
155500 8.35789
155600 8.37401
155700 8.24676
155800 8.31042
155900 8.16141
156000 8.08492
156100 7.89629
156200 7.7891
156300 7.60068
156400 7.70544
156500 8.23214
156600 8.71474
156700 8.70128
156800 8.40598
156900 8.58537
157000 9.00441
157100 9.46973
157200 9.77981
157300 9.92559
157400 9.79692
157500 9.65753
157600 9.85227
157700 9.86518
157800 9.62228
157900 9.30068
158000 9.25875
158100 9.39535
158200 9.19357
158300 8.97244
158400 8.43845
158500 7.95307
158600 7.51747
158700 6.83346
158800 6.57307
158900 6.71052
159000 6.60782
159100 6.60762
159200 6.56341
159300 6.74862
159400 6.7789
159500 6.47385
159600 6.61525
159700 6.54005
159800 6.31942
159900 6.27155
160000 6.0631
160100 5.95647
160200 6.38074
160300 6.52276
160400 6.57418
160500 6.91225
160600 6.90676
160700 7.48064
160800 7.89113
160900 7.6525
161000 7.6131
161100 7.53544
161200 7.8155
161300 8.22561
161400 8.66573
161500 8.84058
161600 9.05694
161700 9.12087
161800 8.93475
161900 8.69693
162000 8.4215
162100 7.92253
162200 7.35936
162300 7.1703
162400 7.18775
162500 7.62368
162600 7.91131
162700 8.14038
162800 7.9634
162900 7.45676
163000 7.49476
163100 7.81045
163200 8.10453
163300 8.31446
163400 8.36585
163500 8.24839
163600 8.20612
163700 8.18089
163800 8.09144
163900 7.91294
164000 7.97613
164100 8.31796
164200 8.43038
164300 7.8653
164400 7.75925
164500 7.59636
164600 7.15545
164700 6.85067
164800 6.39555
164900 6.35899
165000 6.73008
165100 7.19707
165200 7.68403
165300 7.88451
165400 7.52936
165500 7.09181
165600 7.21269
165700 7.78603
165800 7.95416
165900 8.38697
166000 9.00389
166100 8.92617
166200 8.13857
166300 7.77468
166400 8.33896
166500 8.70069
166600 9.12775
166700 8.91332
166800 8.80991
166900 9.06501
167000 9.22859
167100 9.15384
167200 8.73585
167300 8.03885
167400 7.64798
167500 7.28952
167600 7.09564
167700 6.85141
167800 6.9513
167900 7.06065
168000 7.20275
168100 6.94643
168200 6.81042
168300 6.97245
168400 6.91653
168500 7.28668
168600 7.88284
168700 7.8936
168800 7.93928
168900 7.5987
169000 7.40515
169100 7.13878
169200 7.38018
169300 7.67502
169400 7.87548
169500 8.19047
169600 8.59918
169700 8.89252
169800 9.37909
169900 9.95222
170000 10.2188
170100 10.4749
170200 10.8018
170300 10.9541
170400 11.1615
170500 11.2143
170600 10.7282
170700 10.2058
170800 9.96459
170900 10.2104
171000 10.1017
171100 10.1062
171200 9.76256
171300 9.3989
171400 9.0634
171500 8.75167
171600 8.3808
171700 8.37556
171800 8.56632
171900 8.63587
172000 8.35484
172100 8.81682
172200 9.50273
172300 9.61063
172400 9.84877
172500 9.98365
172600 9.76592
172700 9.71071
172800 9.53751
172900 9.17883
173000 9.00197
173100 9.57751
173200 10.2716
173300 10.6538
173400 10.7546
173500 10.7144
173600 10.5403
173700 10.1026
173800 10.1157
173900 10.1947
174000 10.3428
174100 10.5519
174200 10.1023
174300 9.84773
174400 9.684
174500 9.56917
174600 9.49899
174700 9.14078
174800 9.16364
174900 9.33791
175000 9.44221
175100 9.35897
175200 9.40143
175300 9.2714
175400 9.31025
175500 9.54016
175600 9.17321
175700 8.74061
175800 8.39043
175900 7.96498
176000 7.81583
176100 7.94148
176200 8.20379
176300 8.25112
176400 8.32108
176500 8.64142
176600 8.566
176700 8.67028
176800 8.9329
176900 9.00483
177000 9.05013
177100 8.78172
177200 8.6246
177300 8.42071
177400 8.71241
177500 8.52084
177600 8.16914
177700 8.22978
177800 8.2758
177900 8.49797
178000 8.47965
178100 7.95498
178200 7.6339
178300 7.57797
178400 7.51654
178500 7.73978
178600 8.12434
178700 8.29628
178800 8.67914
178900 8.66756
179000 8.6173
179100 8.5894
179200 8.48163
179300 8.34036
179400 8.17213
179500 8.11161
179600 8.19093
179700 8.11035
179800 8.49106
179900 8.21202
180000 7.84233
180100 7.73274
180200 7.43239
180300 7.07494
180400 6.71753
180500 6.61154
180600 6.69934
180700 6.76138
180800 6.89908
180900 6.91439
181000 6.9745
181100 7.34401
181200 7.99072
181300 7.9471
181400 7.90423
181500 7.53958
181600 7.42555
181700 7.35236
181800 7.44268
181900 7.28856
182000 7.12619
182100 7.35094
182200 7.67554
182300 7.90828
182400 7.97167
182500 8.18875
182600 8.36292
182700 8.33017
182800 8.20364
182900 8.40181
183000 8.44335
183100 7.97944
183200 7.32913
183300 6.96559
183400 7.34791
183500 7.66018
183600 7.9428
183700 7.87269
183800 7.79309
183900 7.53928
184000 7.67184
184100 8.04217
184200 8.05914
184300 8.6595
184400 9.04887
184500 9.39101
184600 9.30692
184700 8.84431
184800 8.34899
184900 7.90662
185000 7.16668
185100 7.24785
185200 7.43393
185300 6.92329
185400 6.10609
185500 5.79782
185600 6.10511
185700 6.38856
185800 6.37581
185900 6.28591
186000 6.11265
186100 6.35548
186200 6.683
186300 6.558
186400 7.0959
186500 8.17267
186600 8.37572
186700 8.57612
186800 8.49125
186900 8.04299
187000 7.80224
187100 7.8222
187200 7.88731
187300 7.77338
187400 7.49721
187500 7.237
187600 6.84745
187700 6.88864
187800 7.14355
187900 7.14091
188000 6.97295
188100 7.08289
188200 7.00993
188300 6.56819
188400 6.02361
188500 5.80082
188600 5.65914
188700 5.47722
188800 5.30412
188900 5.16952
189000 5.09984
189100 5.08583
189200 5.01145
189300 4.98795
189400 5.27409
189500 5.05368
189600 5.23243
189700 5.40059
189800 5.24803
189900 4.99377
190000 4.65188
190100 4.19658
190200 4.40112
190300 4.18835
190400 4.15372
190500 4.4833
190600 4.86608
190700 5.42055
190800 5.59601
190900 5.54872
191000 5.5397
191100 5.8244
191200 5.83644
191300 6.13704
191400 6.59416
191500 6.65104
191600 6.37642
191700 6.15003
191800 5.70743
191900 4.91189
192000 4.67151
192100 5.03363
192200 5.40172
192300 5.0038
192400 4.80164
192500 5.09349
192600 5.81844
192700 6.31995
192800 6.5374
192900 6.70232
193000 7.00614
193100 7.05439
193200 7.29161
193300 7.19542
193400 7.57537
193500 8.28154
193600 8.40123
193700 8.39913
193800 8.4073
193900 8.74379
194000 9.16661
194100 9.31293
194200 9.41628
194300 9.25991
194400 8.94393
194500 9.08705
194600 9.18247
194700 8.86833
194800 9.00801
194900 9.13449
195000 8.68885
195100 8.18188
195200 7.64255
195300 7.65017
195400 7.59069
195500 7.79006
195600 7.96801
195700 8.00846
195800 7.73078
195900 7.67585
196000 7.97145
196100 8.01793
196200 7.78998
196300 7.24456
196400 7.30309
196500 7.26684
196600 7.51366
196700 7.52333
196800 7.19164
196900 7.16731
197000 7.21146
197100 7.51052
197200 7.90663
197300 7.89625
197400 7.51189
197500 7.82731
197600 8.14055
197700 8.39395
197800 8.42912
197900 8.47975
198000 8.62089
198100 8.95402
198200 8.8819
198300 8.54948
198400 8.3038
198500 8.43706
198600 8.37717
198700 8.43366
198800 8.98597
198900 9.44688
199000 9.39607
199100 8.90678
199200 8.04803
199300 7.23923
199400 6.70229
199500 6.45964
199600 6.25916
199700 6.34066
199800 6.62251
199900 6.64821
200000 6.68313
