100 296.055
200 302.23
300 310.935
400 302.043
500 303.586
600 299.634
700 301.158
800 289.271
900 293.177
1000 298.944
1100 296.868
1200 301.926
1300 306.234
1400 306.651
1500 300.758
1600 299.112
1700 295.585
1800 291.605
1900 285.8
2000 294.542
2100 303.592
2200 299.835
2300 297.981
2400 298.752
2500 301.994
2600 303.088
2700 310.934
2800 293.968
2900 294.133
3000 299.628
3100 308.644
3200 303.696
3300 303.674
3400 297.495
3500 295.847
3600 298.986
3700 301.368
3800 286.571
3900 296.808
4000 304.794
4100 305.675
4200 299.46
4300 296.819
4400 300.233
4500 307.272
4600 309.355
4700 296.497
4800 291.173
4900 298.904
5000 309.635
5100 311.743
5200 295.255
5300 293.364
5400 301.161
5500 304.119
5600 303.344
5700 290.807
5800 293.326
5900 301.164
6000 302.187
6100 309.649
6200 309.348
6300 296.537
6400 292.877
6500 302.25
6600 305.661
6700 297.439
6800 292.479
6900 293.589
7000 305.662
7100 309.057
7200 287.941
7300 291.832
7400 299.799
7500 306.836
7600 298.151
7700 299.178
7800 293.102
7900 290.267
8000 290.49
8100 298.97
8200 300.949
8300 295.683
8400 304.681
8500 301.68
8600 303.55
8700 305.121
8800 301.86
8900 296.486
9000 297.117
9100 301.921
9200 306.738
9300 304.831
9400 297.427
9500 294.28
9600 297.956
9700 302.442
9800 297.848
9900 301.603
10000 304.09
10100 298.459
10200 291.678
10300 298.498
10400 298.757
10500 305.22
10600 302.332
10700 297.984
10800 298.721
10900 290.691
11000 299.425
11100 298.369
11200 301.067
11300 300.259
11400 308.817
11500 310.742
11600 308.134
11700 299.192
11800 297.432
11900 299.608
12000 287.625
12100 299.967
12200 300.01
12300 307.334
12400 302.026
12500 295.74
12600 292.985
12700 300.806
12800 300.812
12900 306.91
13000 307.27
13100 308.659
13200 306.168
13300 301.09
13400 301.205
13500 298.932
13600 292.793
13700 289.478
13800 300.985
13900 303.266
14000 302.625
14100 289.62
14200 295.856
14300 310.613
14400 308.546
14500 297.998
14600 292.774
14700 303.277
14800 303.769
14900 302.289
15000 290.66
15100 293.27
15200 306.067
15300 301.907
15400 298.516
15500 293.056
15600 287.117
15700 300.977
15800 307.589
15900 296.523
16000 292.548
16100 309.803
16200 305.672
16300 304.303
16400 302.141
16500 295.945
16600 304.113
16700 298.769
16800 296.06
16900 301.659
17000 309.196
17100 305.271
17200 300.769
17300 291.375
17400 300.251
17500 306.077
17600 308.462
17700 314.25
17800 307.268
17900 301.678
18000 302.511
18100 298.7
18200 292.46
18300 298.263
18400 305.815
18500 307.259
18600 303.743
18700 301.58
18800 300.357
18900 296.33
19000 297.63
19100 299.864
19200 305.004
19300 303.987
19400 300.151
19500 294.603
19600 297.13
19700 301.477
19800 295.294
19900 304.254
20000 300.442
20100 289.889
20200 311.67
20300 310.428
20400 298.116
20500 298.638
20600 298.294
20700 305.156
20800 304.513
20900 308.637
21000 299.338
21100 288.905
21200 299.288
21300 292.148
21400 301.96
21500 309.905
21600 299.561
21700 303.14
21800 304.185
21900 288.915
22000 298.56
22100 313.066
22200 303.554
22300 300.227
22400 289.231
22500 295.297
22600 297.732
22700 296.341
22800 310.076
22900 305.426
23000 297.345
23100 298.537
23200 302.24
23300 298.864
23400 307.967
23500 306.497
23600 297.431
23700 297.442
23800 294.086
23900 304.889
24000 303.813
24100 300.586
24200 289.788
24300 302.207
24400 305.447
24500 305.387
24600 295.95
24700 297.64
24800 288.224
24900 296.1
25000 303.709
25100 303.7
25200 293.262
25300 282.51
25400 292.512
25500 296.873
25600 300.424
25700 303.518
25800 303.512
25900 297.619
26000 289.258
26100 295.535
26200 304.282
26300 301.56
26400 303.339
26500 292.516
26600 298.79
26700 310.411
26800 309.05
26900 293.121
27000 295.353
27100 298.743
27200 297.599
27300 303.855
27400 299.598
27500 287.14
27600 290.554
27700 297.492
27800 302.57
27900 297.424
28000 300.754
28100 300.804
28200 303.021
28300 290.945
28400 298.194
28500 301.256
28600 305.542
28700 298.39
28800 309.81
28900 309.904
29000 306.041
29100 298.722
29200 307.606
29300 299.014
29400 295.385
29500 298.288
29600 304.575
29700 301.613
29800 293.773
29900 288.195
30000 302.39
30100 303.361
30200 299.099
30300 296.643
30400 291.568
30500 284.745
30600 299.322
30700 306.213
30800 294.058
30900 295.985
31000 306.212
31100 308.664
31200 295.047
31300 294.346
31400 298.508
31500 298.285
31600 305.575
31700 311.726
31800 293.527
31900 293.293
32000 307.266
32100 303.272
32200 291.245
32300 287.759
32400 300.956
32500 303.172
32600 298.244
32700 293.991
32800 302.867
32900 304.044
33000 295.402
33100 303.42
33200 315.115
33300 298.273
33400 298.487
33500 297.127
33600 295.778
33700 303.472
33800 307.861
33900 304.602
34000 293.293
34100 297.397
34200 303.834
34300 289.302
34400 288.134
34500 298.422
34600 301.577
34700 299.185
34800 298.037
34900 305.587
35000 305.991
35100 307.352
35200 297.558
35300 301.903
35400 302.666
35500 294.957
35600 296.241
35700 292.316
35800 298.682
35900 292.027
36000 298.99
36100 303.447
36200 301.424
36300 295.773
36400 293.974
36500 291.032
36600 293.074
36700 301.748
36800 298.21
36900 302.341
37000 300.495
37100 301.756
37200 303.304
37300 309.392
37400 302.371
37500 295.818
37600 303.552
37700 298.459
37800 294.04
37900 291.617
38000 305.67
38100 307.8
38200 299.638
38300 299.737
38400 288.929
38500 289.47
38600 299.921
38700 301.221
38800 297.783
38900 301.918
39000 311.945
39100 306.044
39200 293.065
39300 295.068
39400 298.199
39500 309.231
39600 302.958
39700 297.708
39800 298.496
39900 307.802
40000 308.881
40100 303.538
40200 297.402
40300 289.521
40400 299.48
40500 306.757
40600 301.065
40700 301.53
40800 296.711
40900 289.403
41000 285.763
41100 298.512
41200 298.756
41300 301.201
41400 301.115
41500 308.007
41600 300.301
41700 288.771
41800 299.086
41900 298.458
42000 305.335
42100 301.165
42200 305.071
42300 304.241
42400 298.548
42500 298.712
42600 299.068
42700 298.994
42800 307.88
42900 298.372
43000 299.914
43100 303.649
43200 299.526
43300 295.665
43400 295.795
43500 300.906
43600 303.415
43700 307.034
43800 305.151
43900 293.734
44000 295.807
44100 302.293
44200 300.331
44300 306.158
44400 299.782
44500 294.469
44600 290.874
44700 299.666
44800 300.016
44900 305.123
45000 303.915
45100 295.769
45200 301.195
45300 298.693
45400 297.091
45500 305.541
45600 304.688
45700 303.152
45800 301.646
45900 297.041
46000 293.964
46100 291.328
46200 303.826
46300 306.813
46400 296.79
46500 297.555
46600 299.797
46700 301.964
46800 299.968
46900 295.817
47000 295.97
47100 297.798
47200 297.247
47300 305.173
47400 298.736
47500 302.048
47600 306.192
47700 304.228
47800 302.058
47900 300.039
48000 296.594
48100 294.598
48200 296.167
48300 303.181
48400 302.151
48500 304.171
48600 297.782
48700 294.202
48800 294.142
48900 291.459
49000 302.852
49100 304.438
49200 301.279
49300 299.197
49400 290.242
49500 295.657
49600 305.875
49700 304.416
49800 300.038
49900 295.705
50000 294.306
50100 287.026
50200 303.576
50300 304.003
50400 305.392
50500 290.827
50600 289.866
50700 297.176
50800 304.533
50900 301.643
51000 291.154
51100 305.005
51200 306.558
51300 305.447
51400 301.475
51500 298.612
51600 293.588
51700 298.413
51800 300.314
51900 307.013
52000 306.623
52100 295.774
52200 294.344
52300 306.167
52400 298.469
52500 304.322
52600 284.263
52700 290.439
52800 296.864
52900 308.209
53000 298.429
53100 293.312
53200 293.414
53300 296.97
53400 302.562
53500 304.856
53600 306.468
53700 297.694
53800 294.777
53900 300.707
54000 297.887
54100 307.21
54200 303.305
54300 303.504
54400 301.263
54500 295.214
54600 288.504
54700 294.01
54800 304.045
54900 302.33
55000 300.878
55100 291.368
55200 297.096
55300 303.852
55400 300.202
55500 304.448
55600 301.631
55700 306.404
55800 301.821
55900 297.678
56000 289.542
56100 296.858
56200 302.933
56300 298.67
56400 300.436
56500 297.001
56600 289.505
56700 292.881
56800 299.141
56900 305.044
57000 304.639
57100 295.554
57200 295.343
57300 293.672
57400 302.4
57500 306.236
57600 297.396
57700 291.891
57800 299.126
57900 308.386
58000 301.593
58100 302.776
58200 299.765
58300 295.501
58400 290.027
58500 299.966
58600 307.678
58700 301.755
58800 296.23
58900 300.3
59000 291.902
59100 299.283
59200 307.393
59300 304.503
59400 290.264
59500 295.889
59600 301.169
59700 310.56
59800 294.521
59900 296.406
60000 302.246
60100 304.071
60200 310.892
60300 308.121
60400 300.449
60500 304.242
60600 298.451
60700 292.959
60800 298.437
60900 301.227
61000 306.4
61100 304.173
61200 294.98
61300 294.063
61400 301.78
61500 310.391
61600 306.291
61700 297.076
61800 297.866
61900 302.006
62000 299.925
62100 297.203
62200 297.545
62300 300.308
62400 303.125
62500 303.278
62600 307.972
62700 303.519
62800 292.243
62900 303.29
63000 302.294
63100 292.007
63200 294.57
63300 296.253
63400 304.308
63500 305.227
63600 296.756
63700 300.062
63800 306.993
63900 307.793
64000 299.664
64100 297.582
64200 293.626
64300 304.64
64400 312.681
64500 302.329
64600 298.728
64700 299.033
64800 305.846
64900 304.179
65000 291.459
65100 288.968
65200 296.782
65300 300.731
65400 302.544
65500 307.844
65600 297.795
65700 293.49
65800 297.818
65900 311.103
66000 305.839
66100 290.319
66200 295.724
66300 300.567
66400 299.717
66500 310.101
66600 317.428
66700 311.542
66800 301.054
66900 296.46
67000 306.407
67100 297.721
67200 293.254
67300 303.265
67400 302.505
67500 292.622
67600 302.604
67700 300.836
67800 306.538
67900 310.497
68000 296.422
68100 291.763
68200 302.304
68300 306.651
68400 299.482
68500 294.811
68600 298.498
68700 296.793
68800 297.796
68900 301.509
69000 310.223
69100 298.857
69200 296.996
69300 301.433
69400 297.501
69500 295.325
69600 302.291
69700 296.341
69800 300.055
69900 305.012
70000 302.569
70100 309.026
70200 307.921
70300 298.416
70400 298.031
70500 294.097
70600 297.939
70700 304.721
70800 298.548
70900 301.627
71000 309.58
71100 314.915
71200 308.568
71300 306.499
71400 300.336
71500 294.343
71600 293.192
71700 302.243
71800 304.055
71900 298.732
72000 298.771
72100 298.729
72200 288.733
72300 296.078
72400 311.353
72500 299.082
72600 299.538
72700 292.246
72800 289.325
72900 292.055
73000 301.359
73100 302.759
73200 294.403
73300 309.605
73400 311.274
73500 299.567
73600 303.672
73700 303.891
73800 300.513
73900 296.094
74000 296.318
74100 297.872
74200 305.601
74300 303.227
74400 309.693
74500 300.791
74600 296.857
74700 299.807
74800 305.763
74900 303.961
75000 309.596
75100 312.839
75200 296.504
75300 292.066
75400 300.533
75500 306.157
75600 300.602
75700 295.903
75800 283.155
75900 291.376
76000 297.317
76100 305.631
76200 299.893
76300 297.734
76400 291.201
76500 292.767
76600 300.213
76700 300.952
76800 305.083
76900 304.8
77000 298.941
77100 297.27
77200 304.56
77300 294.333
77400 291.478
77500 302.108
77600 303.553
77700 302.619
77800 302.204
77900 303.259
78000 293.961
78100 290.984
78200 296
78300 302.18
78400 302.328
78500 300.419
78600 293.73
78700 293.614
78800 287.022
78900 289.234
79000 304.427
79100 299.907
79200 299.554
79300 299.882
79400 307.77
79500 305.545
79600 301.485
79700 300.457
79800 295.901
79900 305.496
80000 300.708
80100 290.436
80200 290.76
80300 293.513
80400 304.676
80500 302.918
80600 291.089
80700 293.52
80800 301.414
80900 307.956
81000 301.712
81100 290.061
81200 299.774
81300 310.91
81400 312.378
81500 304.521
81600 299.733
81700 300.647
81800 290.255
81900 289.739
82000 294.268
82100 309.651
82200 305.134
82300 296.09
82400 294.327
82500 302.241
82600 311.773
82700 307.987
82800 306.307
82900 304.395
83000 298.162
83100 296.461
83200 302.355
83300 300.428
83400 292.874
83500 298.211
83600 298.941
83700 301.864
83800 307.867
83900 305.59
84000 297.642
84100 299.798
84200 298.219
84300 300.646
84400 306.833
84500 309.573
84600 298.588
84700 288.765
84800 302.58
84900 301.642
85000 302.979
85100 301.88
85200 303.971
85300 304.849
85400 304.617
85500 297.506
85600 292.478
85700 297.641
85800 307.085
85900 301.055
86000 304.373
86100 299.608
86200 298.17
86300 298.875
86400 290.38
86500 285.154
86600 300.203
86700 301.883
86800 299.018
86900 305.3
87000 299.731
87100 293.954
87200 295.508
87300 300.35
87400 301.04
87500 309.371
87600 302.647
87700 298.053
87800 300.264
87900 296.844
88000 296.744
88100 305.722
88200 302.114
88300 299.246
88400 295.905
88500 295.315
88600 293.312
88700 293.441
88800 297.657
88900 304.218
89000 300.884
89100 294.672
89200 289.697
89300 298.457
89400 309.186
89500 306.528
89600 301.621
89700 289.459
89800 295.23
89900 301.007
90000 298.58
90100 306.435
90200 313.803
90300 306.186
90400 297.669
90500 296.344
90600 299.981
90700 304.706
90800 311.277
90900 305.854
91000 306.635
91100 295.937
91200 296.481
91300 305.118
91400 300.941
91500 309.796
91600 309.933
91700 305.067
91800 306.376
91900 294.647
92000 293.511
92100 304.857
92200 305.763
92300 302.976
92400 304.653
92500 298.831
92600 294.98
92700 297.164
92800 305.773
92900 307.661
93000 300.261
93100 297.063
93200 304.375
93300 301.531
93400 297.71
93500 290.53
93600 280.446
93700 291.32
93800 298.372
93900 300.152
94000 302.657
94100 300.933
94200 310.401
94300 304.753
94400 296.884
94500 291.036
94600 300.593
94700 302.787
94800 301.027
94900 308.568
95000 300.378
95100 294.505
95200 303.916
95300 305.553
95400 305.102
95500 300.218
95600 295.472
95700 293.46
95800 303.112
95900 310.891
96000 300.029
96100 306.443
96200 298.241
96300 300.488
96400 290.584
96500 302.866
96600 303.167
96700 298.026
96800 293.087
96900 305.149
97000 309.097
97100 300.715
97200 286.224
97300 294.978
97400 298.316
97500 300.574
97600 304.741
97700 300.916
97800 293.159
97900 297.354
98000 301.399
98100 306.098
98200 315.905
98300 308.796
98400 301.468
98500 299.63
98600 301.833
98700 289.438
98800 296.327
98900 303.426
99000 299.747
99100 302.795
99200 298.472
99300 291.47
99400 293.19
99500 303.186
99600 303.336
99700 298.079
99800 297.479
99900 308.36
100000 296.523
100100 303.82
100200 303.108
100300 297.486
100400 291.614
100500 303.483
100600 308.97
100700 310.077
100800 307.086
100900 296.367
101000 298.4
101100 302.844
101200 301.688
101300 302.885
101400 298.783
101500 290.645
101600 294.6
101700 302.224
101800 306.349
101900 300.73
102000 298.583
102100 291.968
102200 303.27
102300 312.616
102400 305.495
102500 295.853
102600 301.556
102700 300.956
102800 290.091
102900 287.204
103000 296.806
103100 301.222
103200 300.939
103300 303.161
103400 294.273
103500 289.617
103600 296.105
103700 294.264
103800 301.212
103900 303.497
104000 294.386
104100 308.063
104200 306.972
104300 300.204
104400 293.62
104500 297.043
104600 296.636
104700 293.487
104800 301.461
104900 302.411
105000 297.747
105100 293.371
105200 308.242
105300 305.196
105400 298.093
105500 295.643
105600 302.655
105700 298.277
105800 294.019
105900 287.174
106000 297.466
106100 301.821
106200 303.13
106300 299.631
106400 292.608
106500 297.277
106600 300.271
106700 309.091
106800 302.662
106900 297.235
107000 293.419
107100 284.858
107200 298.423
107300 306.125
107400 300.011
107500 299.094
107600 290.724
107700 293.142
107800 299.914
107900 298.755
108000 304.433
108100 309.605
108200 297.227
108300 296.207
108400 302.242
108500 306.888
108600 296.644
108700 288.331
108800 293.554
108900 304.745
109000 301.933
109100 298.109
109200 297.41
109300 300.781
109400 309.816
109500 300.617
109600 292.691
109700 296.24
109800 305.432
109900 308.956
110000 299.371
110100 299.304
110200 299.851
110300 301.633
110400 297.41
110500 302.196
110600 295.231
110700 292.789
110800 296.767
110900 306.373
111000 299.611
111100 298.766
111200 299.991
111300 299.996
111400 294.543
111500 294.446
111600 299.096
111700 308.889
111800 307.323
111900 302.596
112000 301.918
112100 299.54
112200 298.98
112300 300.613
112400 287.081
112500 287.976
112600 301.712
112700 303.379
112800 297.385
112900 292.148
113000 294.727
113100 297.988
113200 304.135
113300 301.758
113400 299.353
113500 293.515
113600 292.021
113700 291.856
113800 295.896
113900 302.012
114000 309.327
114100 300.922
114200 294.532
114300 297.874
114400 304.743
114500 307.467
114600 302.744
114700 307.226
114800 293.328
114900 294.898
115000 304.697
115100 310.432
115200 301.039
115300 298.631
115400 292.425
115500 297.968
115600 304.369
115700 299.532
115800 301.291
115900 299.562
116000 299.72
116100 288.858
116200 295.033
116300 310.292
116400 302.965
116500 297.283
116600 294.654
116700 303.038
116800 299.488
116900 289.853
117000 289.128
117100 292.571
117200 300.779
117300 308.584
117400 294.342
117500 296.721
117600 297.149
117700 312.695
117800 309.2
117900 297.352
118000 295.01
118100 300.479
118200 306.56
118300 306.037
118400 302.953
118500 294.927
118600 292.987
118700 296.833
118800 303.448
118900 307.243
119000 301.615
119100 289.235
119200 296.557
119300 305.572
119400 307.023
119500 299.4
119600 292.243
119700 300.131
119800 299.928
119900 305.662
120000 308.616
120100 308.68
120200 295.237
120300 294.617
120400 297.754
120500 308.494
120600 302.103
120700 302.571
120800 305.692
120900 295.336
121000 298.69
121100 296.191
121200 298.406
121300 301.235
121400 309.994
121500 303.567
121600 303.753
121700 292.148
121800 297.376
121900 304.586
122000 299.756
122100 284.388
122200 292.161
122300 301.503
122400 307.652
122500 297.088
122600 288.486
122700 297.303
122800 307.01
122900 301.902
123000 298.007
123100 295.349
123200 288.766
123300 301.091
123400 306.641
123500 309.698
123600 296.425
123700 296.483
123800 300.68
123900 302.558
124000 311.405
124100 307.303
124200 305.427
124300 297.938
124400 292.751
124500 297.513
124600 310.714
124700 308.525
124800 293.036
124900 302.075
125000 296.893
125100 298.609
125200 312.907
125300 309.763
125400 297.381
125500 294.043
125600 300.575
125700 307.612
125800 304.602
125900 298.7
126000 302.194
126100 304.579
126200 296.087
126300 292.072
126400 302.558
126500 299.289
126600 297.716
126700 307.381
126800 308.297
126900 309.776
127000 301.252
127100 298.03
127200 300.567
127300 296.925
127400 301.74
127500 312.914
127600 301.386
127700 295.395
127800 299.97
127900 301.055
128000 295.807
128100 299.787
128200 305.79
128300 304.951
128400 297.5
128500 294.813
128600 291.191
128700 304.21
128800 306.356
128900 307.588
129000 310.461
129100 292.925
129200 296.003
129300 301.852
129400 304.566
129500 316.198
129600 294.985
129700 296.943
129800 297.914
129900 309.729
130000 301.571
130100 293.964
130200 294.533
130300 300.13
130400 310.721
130500 304.795
130600 304.657
130700 295.229
130800 291.733
130900 298.414
131000 299.413
131100 300.541
131200 300.049
131300 302.269
131400 308.203
131500 306.161
131600 291.649
131700 295.178
131800 303.116
131900 312.698
132000 307.179
132100 296.643
132200 295.195
132300 302.487
132400 307.474
132500 295.741
132600 295.912
132700 291.409
132800 297.597
132900 308.699
133000 301.465
133100 295.776
133200 288.534
133300 299.496
133400 304.211
133500 302.747
133600 303.166
133700 297.319
133800 300.667
133900 299.35
134000 293.336
134100 291.411
134200 297.918
134300 303.204
134400 306.457
134500 302.807
134600 294.924
134700 294.744
134800 300.18
134900 306.53
135000 291.649
135100 285.435
135200 293.918
135300 298.42
135400 301.06
135500 305.408
135600 303.414
135700 294.296
135800 291.339
135900 295.822
136000 300.255
136100 305.909
136200 298.347
136300 292.306
136400 289.708
136500 286.209
136600 287.391
136700 298.255
136800 293.978
136900 300.875
137000 305.613
137100 299.925
137200 292.142
137300 291.165
137400 294.62
137500 304.03
137600 309.589
137700 298.821
137800 295.262
137900 295.294
138000 307.146
138100 304.12
138200 302.208
138300 302.364
138400 297.309
138500 298.494
138600 300.148
138700 300.779
138800 297.145
138900 300.742
139000 308.128
139100 302.021
139200 296.927
139300 292.618
139400 303.043
139500 307.07
139600 304.603
139700 291.371
139800 297.93
139900 305.572
140000 313.744
140100 298.306
140200 298.063
140300 300.021
140400 297.776
140500 289.184
140600 287.725
140700 297.786
140800 306.001
140900 305.819
141000 298.917
141100 297.267
141200 293.651
141300 300.494
141400 316.893
141500 305.902
141600 296.604
141700 296.764
141800 302.222
141900 306.128
142000 307.825
142100 309.384
142200 300.17
142300 297.844
142400 294.894
142500 294.806
142600 311.41
142700 303.385
142800 297.264
142900 292.664
143000 302.373
143100 314.327
143200 304.979
143300 302.296
143400 300.615
143500 295.951
143600 295.742
143700 306.781
143800 302.989
143900 302.593
144000 297.565
144100 290.587
144200 300.329
144300 298.972
144400 301.73
144500 296.991
144600 301.39
144700 307.204
144800 300.571
144900 297.622
145000 296.965
145100 293.915
145200 293.052
145300 301.331
145400 309.771
145500 304.083
145600 290.569
145700 299.414
145800 301.53
145900 300.234
146000 300
146100 302.662
146200 295.053
146300 288.679
146400 290.819
146500 300.687
146600 298.769
146700 303.482
146800 305.39
146900 293.736
147000 290.18
147100 298.113
147200 292.338
147300 298.696
147400 302.366
147500 308.321
147600 297.897
147700 294.425
147800 296.035
147900 303.265
148000 307.75
148100 295.083
148200 291.382
148300 289.77
148400 291.8
148500 303.034
148600 312.477
148700 302.757
148800 298.834
148900 292.784
149000 299.799
149100 303.287
149200 301.231
149300 301.108
149400 298.287
149500 301.661
149600 295.716
149700 291.759
149800 297.941
149900 297.967
150000 305.45
150100 307.148
150200 301.417
150300 294.746
150400 296.413
150500 303.833
150600 306.012
150700 303.149
150800 298.578
150900 298.269
151000 290.788
151100 290.213
151200 298.233
151300 307.662
151400 302.84
151500 294.215
151600 295.912
151700 299.219
151800 305.447
151900 307.215
152000 299.078
152100 300.294
152200 300.357
152300 292.413
152400 296.629
152500 298.435
152600 302.496
152700 304.226
152800 304.405
152900 295.488
153000 283.739
153100 293.64
153200 302.972
153300 305.485
153400 296.12
153500 291.396
153600 295.282
153700 303.961
153800 293.554
153900 299.961
154000 306.183
154100 306.292
154200 306.063
154300 303.611
154400 292.813
154500 300.11
154600 304.092
154700 309.021
154800 308.452
154900 304.419
155000 302.235
155100 297.62
155200 292.661
155300 300.543
155400 312.683
155500 304.544
155600 299.237
155700 294.591
155800 304.101
155900 298.374
156000 291.669
156100 289.627
156200 301.3
156300 304.889
156400 298.82
156500 292.077
156600 287.717
156700 302.066
156800 305.216
156900 302.396
157000 296.045
157100 293.955
157200 295.257
157300 310.902
157400 307.944
157500 301.727
157600 290.687
157700 301.732
157800 300.8
157900 302.223
158000 305.153
158100 312.255
158200 304.161
158300 302.237
158400 299.239
158500 295.923
158600 294.137
158700 307.492
158800 302.878
158900 301.35
159000 293.587
159100 289.127
159200 301.057
159300 310.135
159400 303.668
159500 296.344
159600 300.096
159700 286.587
159800 293.699
159900 307.933
160000 301.184
160100 297.752
160200 291.532
160300 294.646
160400 299.14
160500 310.005
160600 298.075
160700 297.23
160800 289.73
160900 285.281
161000 294.91
161100 299.974
161200 299.806
161300 303.588
161400 300.889
161500 304.825
161600 305.367
161700 290.306
161800 298.151
161900 308.771
162000 304.494
162100 305.539
162200 300.797
162300 292.873
162400 296.665
162500 305.485
162600 307.896
162700 295.911
162800 294.752
162900 299.69
163000 295.276
163100 305.635
163200 302.447
163300 308.477
163400 303.059
163500 299.146
163600 300.233
163700 295.098
163800 291.708
163900 302.786
164000 301.656
164100 304.886
164200 299.211
164300 289.773
164400 289.895
164500 297.354
164600 307.385
164700 302.313
164800 292.909
164900 296.677
165000 312.91
165100 310.239
165200 304.956
165300 301.393
165400 301.612
165500 296.962
165600 295.461
165700 285.202
165800 283.273
165900 294.287
166000 303.22
166100 298.027
166200 301.053
166300 304.825
166400 306.28
166500 302.753
166600 298.021
166700 300.95
166800 294.391
166900 298.937
167000 306.257
167100 310.714
167200 301.473
167300 298.985
167400 296.207
167500 296.021
167600 303.087
167700 305.031
167800 305.076
167900 294.371
168000 298.625
168100 297.037
168200 307.474
168300 301.43
168400 295.375
168500 292.551
168600 294.715
168700 305.201
168800 305.769
168900 294.654
169000 297.732
169100 302.53
169200 312.666
169300 312.173
169400 302.103
169500 300.359
169600 296.209
169700 293.393
169800 302.467
169900 302.074
170000 303.906
170100 297.757
170200 294.36
170300 293.929
170400 292.732
170500 300.273
170600 298.67
170700 302.3
170800 304.165
170900 307.033
171000 307.776
171100 297.354
171200 292.444
171300 299.003
171400 305.969
171500 300.537
171600 297.51
171700 291.065
171800 297.45
171900 300.632
172000 301.773
172100 300.389
172200 304.99
172300 316.562
172400 314.489
172500 306.313
172600 295.111
172700 292.581
172800 300.496
172900 304.182
173000 302.91
173100 300.625
173200 298.688
173300 288.01
173400 292.646
173500 299.521
173600 298.207
173700 306.434
173800 297.443
173900 287.563
174000 289.209
174100 297.109
174200 301.615
174300 303.586
174400 300.434
174500 294.012
174600 289.328
174700 290.02
174800 300.878
174900 298.289
175000 307.839
175100 299.358
175200 294.431
175300 292.283
175400 292.106
175500 306.638
175600 308.314
175700 298.159
175800 293.471
175900 299.451
176000 306.703
176100 307.089
176200 310.603
176300 305.392
176400 302.04
176500 297.932
176600 304.6
176700 298.046
176800 295.983
176900 307.833
177000 312.829
177100 302.46
177200 298.182
177300 295.461
177400 301.101
177500 300.778
177600 300.413
177700 293.253
177800 291.998
177900 296.121
178000 302.932
178100 307.178
178200 292.779
178300 294.275
178400 294.021
178500 290.236
178600 295.072
178700 306.656
178800 304.823
178900 299.704
179000 299.427
179100 294.678
179200 299.738
179300 299.043
179400 296.252
179500 311.722
179600 299.878
179700 295.832
179800 299.567
179900 312.09
180000 310.622
180100 299.784
180200 300.522
180300 299.735
180400 292.512
180500 292.864
180600 303.353
180700 307.123
180800 298.978
180900 298.302
181000 298.217
181100 293.61
181200 307.793
181300 308.478
181400 300.282
181500 295.216
181600 296.339
181700 297.714
181800 301.748
181900 302.944
182000 303.927
182100 296.758
182200 295.476
182300 295.003
182400 299.146
182500 302.355
182600 302.712
182700 292.568
182800 294.003
182900 295.435
183000 304.863
183100 305.005
183200 298.937
183300 295.842
183400 297.7
183500 300.012
183600 301.396
183700 306.735
183800 307.294
183900 294.043
184000 296.284
184100 305.685
184200 302.888
184300 293.003
184400 302.699
184500 295.469
184600 301.928
184700 303.739
184800 303.376
184900 300.203
185000 306.196
185100 305.68
185200 305.42
185300 298.857
185400 294.285
185500 297.305
185600 302.392
185700 302.54
185800 301.88
185900 302.857
186000 295.835
186100 294.017
186200 300.694
186300 299.003
186400 315.492
186500 307.094
186600 296.888
186700 293.308
186800 301.25
186900 304.308
187000 301.758
187100 307.722
187200 306.218
187300 306.27
187400 304.479
187500 300.095
187600 293.237
187700 302.743
187800 310.507
187900 293.921
188000 289.847
188100 301.861
188200 307.692
188300 303.019
188400 293.063
188500 298.29
188600 291.623
188700 289.613
188800 306.311
188900 305.202
189000 304.718
189100 294.626
189200 292.84
189300 298.25
189400 298.992
189500 301.653
189600 302.731
189700 295.404
189800 289.376
189900 294.639
190000 298.542
190100 298.16
190200 300.585
190300 304.434
190400 300.365
190500 282.324
190600 290.767
190700 303.296
190800 301.475
190900 296.511
191000 301.945
191100 291.364
191200 294.25
191300 304.193
191400 300.644
191500 300.742
191600 296.15
191700 308.595
191800 304.796
191900 299.89
192000 296.2
192100 295.073
192200 306.854
192300 309.484
192400 303.884
192500 289.878
192600 297.617
192700 305.554
192800 306.443
192900 297.738
193000 294.769
193100 299.398
193200 299.727
193300 300.685
193400 308.798
193500 309.41
193600 305.575
193700 297.415
193800 299.21
193900 301.706
194000 288.511
194100 295.637
194200 302.538
194300 309.131
194400 301.407
194500 304.284
194600 305.261
194700 294.511
194800 295.553
194900 298.144
195000 300.217
195100 309.06
195200 307.379
195300 298.402
195400 295.345
195500 299.244
195600 308.669
195700 293.912
195800 298.003
195900 294.912
196000 296.724
196100 295.107
196200 295.659
196300 297.674
196400 303.833
196500 301.537
196600 296.245
196700 290.6
196800 293.339
196900 300.166
197000 300.314
197100 302.495
197200 297.312
197300 298.105
197400 304.228
197500 308.884
197600 300.381
197700 290.195
197800 299.143
197900 306.313
198000 303.221
198100 294.223
198200 290.485
198300 291.264
198400 289.443
198500 299.207
198600 300.681
198700 306.994
198800 293.926
198900 294.549
199000 292.248
199100 299.021
199200 300.298
199300 300.559
199400 294.905
199500 304.077
199600 308.486
199700 300.81
199800 294.958
199900 290.306
200000 287.715
