# Time-averaged data for fix myat3
# TimeStep v_mydensity
100 0.00244438
200 0.00244414
300 0.00244399
400 0.00244409
500 0.00244448
600 0.00244517
700 0.00244616
800 0.00244744
900 0.00244901
1000 0.00245084
1100 0.00245287
1200 0.00245505
1300 0.00245727
1400 0.00245939
1500 0.00246136
1600 0.00246316
1700 0.00246477
1800 0.00246625
1900 0.00246757
2000 0.00246875
2100 0.00246988
2200 0.00247096
2300 0.00247198
2400 0.00247296
2500 0.0024739
2600 0.00247488
2700 0.0024759
2800 0.00247691
2900 0.00247789
3000 0.00247887
3100 0.00247986
3200 0.00248083
3300 0.0024818
3400 0.00248286
3500 0.002484
3600 0.00248516
3700 0.0024863
3800 0.00248744
3900 0.00248865
4000 0.00248998
4100 0.00249146
4200 0.00249309
4300 0.00249481
4400 0.00249653
4500 0.00249822
4600 0.00249987
4700 0.00250145
4800 0.002503
4900 0.00250458
5000 0.0025062
5100 0.0025079
5200 0.00250973
5300 0.00251167
5400 0.00251369
5500 0.00251576
5600 0.00251787
5700 0.00251996
5800 0.00252204
5900 0.00252408
6000 0.00252606
6100 0.00252793
6200 0.00252968
6300 0.00253136
6400 0.0025331
6500 0.00253501
6600 0.00253712
6700 0.0025394
6800 0.00254182
6900 0.00254433
7000 0.0025469
7100 0.00254959
7200 0.00255244
7300 0.00255551
7400 0.0025588
7500 0.00256222
7600 0.00256573
7700 0.00256928
7800 0.00257283
7900 0.00257646
8000 0.00258028
8100 0.00258429
8200 0.0025884
8300 0.00259258
8400 0.00259684
8500 0.00260113
8600 0.00260542
8700 0.00260968
8800 0.00261397
8900 0.00261832
9000 0.0026227
9100 0.00262709
9200 0.00263147
9300 0.00263582
9400 0.00264011
9500 0.00264433
9600 0.00264845
9700 0.00265245
9800 0.00265631
9900 0.00266004
10000 0.00266372
10100 0.0026674
10200 0.00267102
10300 0.00267454
10400 0.00267795
10500 0.00268125
10600 0.00268453
10700 0.00268787
10800 0.00269131
10900 0.00269482
11000 0.00269849
11100 0.00270236
11200 0.00270639
11300 0.00271054
11400 0.00271466
11500 0.00271869
11600 0.00272268
11700 0.0027268
11800 0.00273111
11900 0.00273562
12000 0.00274027
12100 0.00274505
12200 0.00274996
12300 0.00275498
12400 0.00276004
12500 0.00276508
12600 0.00277008
12700 0.00277497
12800 0.00277964
12900 0.00278415
13000 0.00278857
13100 0.0027929
13200 0.00279717
13300 0.00280141
13400 0.00280567
13500 0.00280997
13600 0.00281435
13700 0.00281887
13800 0.00282355
13900 0.0028284
14000 0.0028334
14100 0.00283845
14200 0.00284344
14300 0.00284836
14400 0.00285322
14500 0.00285794
14600 0.00286239
14700 0.00286649
14800 0.00287029
14900 0.00287383
15000 0.00287711
15100 0.00288019
15200 0.00288316
15300 0.00288606
15400 0.00288896
15500 0.00289188
15600 0.00289473
15700 0.00289746
15800 0.0029001
15900 0.00290278
16000 0.00290561
16100 0.00290857
16200 0.00291161
16300 0.00291476
16400 0.00291802
16500 0.00292145
16600 0.00292507
16700 0.00292889
16800 0.00293291
16900 0.00293712
17000 0.00294146
17100 0.00294584
17200 0.00295018
17300 0.00295444
17400 0.00295858
17500 0.00296257
17600 0.00296646
17700 0.00297031
17800 0.00297416
17900 0.00297804
18000 0.00298197
18100 0.00298581
18200 0.00298942
18300 0.00299261
18400 0.0029953
18500 0.00299752
18600 0.00299937
18700 0.00300101
18800 0.00300255
18900 0.00300406
19000 0.00300566
19100 0.0030073
19200 0.00300889
19300 0.00301046
19400 0.00301215
19500 0.00301401
19600 0.00301598
19700 0.00301814
19800 0.00302053
19900 0.00302321
20000 0.00302609
20100 0.00302905
20200 0.00303204
20300 0.00303502
20400 0.00303787
20500 0.00304041
20600 0.00304256
20700 0.00304437
20800 0.00304588
20900 0.00304713
21000 0.00304816
21100 0.003049
21200 0.00304975
21300 0.00305051
21400 0.00305138
21500 0.00305238
21600 0.0030534
21700 0.00305437
21800 0.00305532
21900 0.00305629
22000 0.00305735
22100 0.00305856
22200 0.00305998
22300 0.00306166
22400 0.00306368
22500 0.00306605
22600 0.00306865
22700 0.00307135
22800 0.00307416
22900 0.00307717
23000 0.00308044
23100 0.00308399
23200 0.00308777
23300 0.00309174
23400 0.0030958
23500 0.00309987
23600 0.00310389
23700 0.00310781
23800 0.00311155
23900 0.00311511
24000 0.00311861
24100 0.00312205
24200 0.00312537
24300 0.00312855
24400 0.00313166
24500 0.00313474
24600 0.00313791
24700 0.00314126
24800 0.00314484
24900 0.00314865
25000 0.00315271
25100 0.00315704
25200 0.00316166
25300 0.00316656
25400 0.00317164
25500 0.0031768
25600 0.00318194
25700 0.00318698
25800 0.00319185
25900 0.00319657
26000 0.00320124
26100 0.00320586
26200 0.00321039
26300 0.00321485
26400 0.00321931
26500 0.00322377
26600 0.00322822
26700 0.00323268
26800 0.00323723
26900 0.00324189
27000 0.00324663
27100 0.00325138
27200 0.0032561
27300 0.00326089
27400 0.0032658
27500 0.00327078
27600 0.00327573
27700 0.00328067
27800 0.0032856
27900 0.00329048
28000 0.00329526
28100 0.0033
28200 0.0033047
28300 0.00330929
28400 0.00331378
28500 0.00331813
28600 0.00332233
28700 0.00332627
28800 0.00332993
28900 0.00333338
29000 0.0033366
29100 0.00333969
29200 0.00334279
29300 0.00334602
29400 0.00334954
29500 0.00335352
29600 0.00335798
29700 0.00336282
29800 0.00336787
29900 0.00337289
30000 0.0033777
30100 0.00338226
30200 0.00338661
30300 0.00339074
30400 0.00339464
30500 0.00339835
30600 0.00340189
30700 0.0034052
30800 0.00340836
30900 0.00341149
31000 0.00341465
31100 0.00341781
31200 0.00342105
31300 0.00342443
31400 0.00342785
31500 0.00343114
31600 0.00343426
31700 0.00343726
31800 0.00344013
31900 0.00344279
32000 0.00344515
32100 0.00344722
32200 0.00344911
32300 0.00345094
32400 0.00345271
32500 0.00345435
32600 0.00345572
32700 0.00345684
32800 0.00345788
32900 0.00345908
33000 0.0034606
33100 0.00346244
33200 0.00346456
33300 0.00346681
33400 0.00346908
33500 0.0034714
33600 0.00347375
33700 0.00347612
33800 0.00347837
33900 0.00348039
34000 0.00348217
34100 0.00348377
34200 0.00348525
34300 0.00348677
34400 0.00348851
34500 0.00349051
34600 0.00349269
34700 0.00349498
34800 0.00349734
34900 0.00349971
35000 0.00350204
35100 0.0035043
35200 0.00350654
35300 0.00350886
35400 0.00351147
35500 0.00351444
35600 0.00351772
35700 0.00352127
35800 0.00352502
35900 0.00352878
36000 0.00353236
36100 0.00353564
36200 0.00353854
36300 0.00354105
36400 0.00354319
36500 0.00354506
36600 0.00354677
36700 0.00354839
36800 0.00355005
36900 0.00355183
37000 0.00355379
37100 0.00355607
37200 0.00355867
37300 0.00356151
37400 0.00356458
37500 0.00356793
37600 0.0035716
37700 0.00357559
37800 0.00357979
37900 0.00358412
38000 0.00358847
38100 0.00359278
38200 0.00359706
38300 0.00360141
38400 0.00360586
38500 0.00361031
38600 0.00361462
38700 0.00361868
38800 0.00362243
38900 0.00362587
39000 0.00362908
39100 0.0036322
39200 0.00363522
39300 0.00363815
39400 0.00364107
39500 0.00364415
39600 0.00364756
39700 0.00365136
39800 0.00365557
39900 0.00366024
40000 0.0036653
40100 0.00367055
40200 0.00367564
40300 0.00368029
40400 0.00368442
40500 0.00368804
40600 0.00369127
40700 0.00369429
40800 0.00369727
40900 0.00370036
41000 0.00370358
41100 0.00370687
41200 0.00371025
41300 0.00371376
41400 0.00371741
41500 0.00372125
41600 0.00372528
41700 0.00372943
41800 0.0037336
41900 0.00373763
42000 0.00374135
42100 0.00374468
42200 0.00374766
42300 0.00375043
42400 0.0037532
42500 0.003756
42600 0.0037588
42700 0.00376165
42800 0.00376461
42900 0.00376771
43000 0.00377101
43100 0.00377455
43200 0.00377836
43300 0.00378232
43400 0.00378627
43500 0.00379015
43600 0.00379396
43700 0.00379773
43800 0.00380151
43900 0.00380527
44000 0.00380896
44100 0.00381261
44200 0.00381634
44300 0.00382025
44400 0.00382437
44500 0.00382867
44600 0.00383305
44700 0.00383744
44800 0.00384178
44900 0.00384598
45000 0.00384996
45100 0.00385369
45200 0.00385726
45300 0.00386083
45400 0.00386459
45500 0.00386867
45600 0.00387307
45700 0.00387767
45800 0.00388238
45900 0.00388714
46000 0.00389182
46100 0.00389638
46200 0.00390082
46300 0.0039051
46400 0.00390915
46500 0.0039129
46600 0.00391639
46700 0.00391981
46800 0.0039233
46900 0.0039269
47000 0.00393071
47100 0.00393487
47200 0.00393935
47300 0.00394386
47400 0.00394837
47500 0.003953
47600 0.00395781
47700 0.00396282
47800 0.00396799
47900 0.00397337
48000 0.00397908
48100 0.00398515
48200 0.00399145
48300 0.00399783
48400 0.00400426
48500 0.00401075
48600 0.00401715
48700 0.00402331
48800 0.00402913
48900 0.00403463
49000 0.0040399
49100 0.00404516
49200 0.00405061
49300 0.00405635
49400 0.00406249
49500 0.00406903
49600 0.00407587
49700 0.00408289
49800 0.00408997
49900 0.00409706
50000 0.00410409
50100 0.00411105
50200 0.00411807
50300 0.00412523
50400 0.00413247
50500 0.00413969
50600 0.0041469
50700 0.00415419
50800 0.00416155
50900 0.00416894
51000 0.00417642
51100 0.00418395
51200 0.00419138
51300 0.00419868
51400 0.00420591
51500 0.00421301
51600 0.00421984
51700 0.00422622
51800 0.00423213
51900 0.00423758
52000 0.00424256
52100 0.00424698
52200 0.00425093
52300 0.00425462
52400 0.00425808
52500 0.00426149
52600 0.00426518
52700 0.00426923
52800 0.00427373
52900 0.00427872
53000 0.00428418
53100 0.00429004
53200 0.00429609
53300 0.00430222
53400 0.00430852
53500 0.00431518
53600 0.00432224
53700 0.00432952
53800 0.00433684
53900 0.00434397
54000 0.0043508
54100 0.00435727
54200 0.0043634
54300 0.0043692
54400 0.00437459
54500 0.00437954
54600 0.00438416
54700 0.00438857
54800 0.0043928
54900 0.00439686
55000 0.00440088
55100 0.00440501
55200 0.0044094
55300 0.00441409
55400 0.00441911
55500 0.00442447
55600 0.00443003
55700 0.00443559
55800 0.00444116
55900 0.00444677
56000 0.00445236
56100 0.00445798
56200 0.0044636
56300 0.0044691
56400 0.00447451
56500 0.00447988
56600 0.00448525
56700 0.00449043
56800 0.00449528
56900 0.00449989
57000 0.00450436
57100 0.00450865
57200 0.0045127
57300 0.00451652
57400 0.00452016
57500 0.00452376
57600 0.00452741
57700 0.00453101
57800 0.00453442
57900 0.00453767
58000 0.00454095
58100 0.00454433
58200 0.00454768
58300 0.00455087
58400 0.00455398
58500 0.00455714
58600 0.00456051
58700 0.00456417
58800 0.00456805
58900 0.00457198
59000 0.00457576
59100 0.00457935
59200 0.00458271
59300 0.00458571
59400 0.00458822
59500 0.00459025
59600 0.00459187
59700 0.00459312
59800 0.00459398
59900 0.00459453
60000 0.00459491
60100 0.00459519
60200 0.00459556
60300 0.00459625
60400 0.00459727
60500 0.00459858
60600 0.00460023
60700 0.00460231
60800 0.00460478
60900 0.00460748
61000 0.00461035
61100 0.0046135
61200 0.00461687
61300 0.00462026
61400 0.00462348
61500 0.00462647
61600 0.00462933
61700 0.0046321
61800 0.00463473
61900 0.00463712
62000 0.00463918
62100 0.00464091
62200 0.00464241
62300 0.00464378
62400 0.00464495
62500 0.00464584
62600 0.00464641
62700 0.00464679
62800 0.00464715
62900 0.00464752
63000 0.00464804
63100 0.00464869
63200 0.00464935
63300 0.00464999
63400 0.00465056
63500 0.00465099
63600 0.00465113
63700 0.00465089
63800 0.00465044
63900 0.00465
64000 0.00464967
64100 0.00464946
64200 0.00464954
64300 0.00465003
64400 0.00465094
64500 0.00465228
64600 0.00465413
64700 0.00465653
64800 0.0046594
64900 0.00466268
65000 0.00466638
65100 0.00467052
65200 0.0046749
65300 0.0046793
65400 0.00468373
65500 0.00468813
65600 0.00469238
65700 0.00469635
65800 0.00469997
65900 0.00470329
66000 0.0047065
66100 0.00470978
66200 0.00471341
66300 0.00471756
66400 0.0047221
66500 0.00472683
66600 0.00473171
66700 0.0047368
66800 0.00474206
66900 0.00474738
67000 0.00475263
67100 0.00475761
67200 0.00476222
67300 0.00476643
67400 0.00477026
67500 0.00477378
67600 0.00477725
67700 0.00478089
67800 0.00478466
67900 0.00478863
68000 0.00479289
68100 0.00479728
68200 0.00480162
68300 0.00480592
68400 0.00481011
68500 0.0048142
68600 0.00481831
68700 0.00482257
68800 0.00482696
68900 0.00483153
69000 0.0048365
69100 0.00484195
69200 0.00484794
69300 0.00485455
69400 0.00486177
69500 0.00486959
69600 0.00487804
69700 0.00488696
69800 0.00489606
69900 0.0049051
70000 0.00491383
70100 0.00492202
70200 0.00492942
70300 0.00493601
70400 0.00494192
70500 0.00494722
70600 0.00495198
70700 0.00495635
70800 0.00496055
70900 0.00496468
71000 0.0049688
71100 0.00497306
71200 0.0049776
71300 0.00498253
71400 0.00498797
71500 0.00499395
71600 0.0050005
71700 0.00500748
71800 0.00501477
71900 0.00502237
72000 0.00503027
72100 0.0050384
72200 0.00504669
72300 0.00505506
72400 0.0050635
72500 0.00507214
72600 0.00508114
72700 0.00509044
72800 0.00509987
72900 0.00510949
73000 0.00511941
73100 0.00512967
73200 0.00514021
73300 0.00515085
73400 0.00516146
73500 0.005172
73600 0.00518232
73700 0.00519226
73800 0.00520189
73900 0.00521128
74000 0.00522034
74100 0.00522906
74200 0.00523754
74300 0.00524572
74400 0.00525351
74500 0.00526093
74600 0.0052681
74700 0.00527491
74800 0.0052813
74900 0.00528725
75000 0.00529284
75100 0.00529828
75200 0.00530362
75300 0.00530883
75400 0.00531384
75500 0.00531857
75600 0.00532292
75700 0.00532685
75800 0.0053304
75900 0.00533367
76000 0.00533663
76100 0.00533927
76200 0.00534169
76300 0.00534408
76400 0.00534659
76500 0.00534927
76600 0.00535212
76700 0.00535525
76800 0.00535877
76900 0.00536258
77000 0.00536651
77100 0.00537035
77200 0.00537413
77300 0.0053779
77400 0.00538187
77500 0.00538607
77600 0.00539023
77700 0.00539416
77800 0.00539793
77900 0.00540162
78000 0.00540523
78100 0.0054087
78200 0.00541193
78300 0.00541493
78400 0.00541776
78500 0.00542052
78600 0.00542331
78700 0.00542613
78800 0.00542911
78900 0.00543233
79000 0.00543575
79100 0.00543918
79200 0.00544273
79300 0.00544666
79400 0.005451
79500 0.00545559
79600 0.00546022
79700 0.00546484
79800 0.00546942
79900 0.00547398
80000 0.00547852
80100 0.00548302
80200 0.0054874
80300 0.00549152
80400 0.00549543
80500 0.00549912
80600 0.00550264
80700 0.00550624
80800 0.00551008
80900 0.00551419
81000 0.00551844
81100 0.00552287
81200 0.00552755
81300 0.00553235
81400 0.00553712
81500 0.0055417
81600 0.00554598
81700 0.00554998
81800 0.00555381
81900 0.00555753
82000 0.0055612
82100 0.00556481
82200 0.00556826
82300 0.00557161
82400 0.00557497
82500 0.00557837
82600 0.00558176
82700 0.00558528
82800 0.00558913
82900 0.00559357
83000 0.00559858
83100 0.0056043
83200 0.00561092
83300 0.00561826
83400 0.00562598
83500 0.00563396
83600 0.00564206
83700 0.00564993
83800 0.0056574
83900 0.00566446
84000 0.00567105
84100 0.00567705
84200 0.00568238
84300 0.00568705
84400 0.00569096
84500 0.00569417
84600 0.00569687
84700 0.00569939
84800 0.00570199
84900 0.00570479
85000 0.00570796
85100 0.00571166
85200 0.00571601
85300 0.00572107
85400 0.0057269
85500 0.00573349
85600 0.00574081
85700 0.00574874
85800 0.00575708
85900 0.0057657
86000 0.00577434
86100 0.00578264
86200 0.00579037
86300 0.00579762
86400 0.00580448
86500 0.0058109
86600 0.00581698
86700 0.00582291
86800 0.00582862
86900 0.00583417
87000 0.00583974
87100 0.00584538
87200 0.00585102
87300 0.00585673
87400 0.00586257
87500 0.00586851
87600 0.00587448
87700 0.00588054
87800 0.00588668
87900 0.00589274
88000 0.00589881
88100 0.00590511
88200 0.00591182
88300 0.0059188
88400 0.00592586
88500 0.00593289
88600 0.00593979
88700 0.00594639
88800 0.00595288
88900 0.00595936
89000 0.00596579
89100 0.00597201
89200 0.00597798
89300 0.00598385
89400 0.0059896
89500 0.00599499
89600 0.00599987
89700 0.0060043
89800 0.00600828
89900 0.00601184
90000 0.00601508
90100 0.00601827
90200 0.00602151
90300 0.00602475
90400 0.00602804
90500 0.0060315
90600 0.00603516
90700 0.00603906
90800 0.00604309
90900 0.00604703
91000 0.00605086
91100 0.00605463
91200 0.0060585
91300 0.00606264
91400 0.00606723
91500 0.00607234
91600 0.00607789
91700 0.00608366
91800 0.00608945
91900 0.00609511
92000 0.00610056
92100 0.00610574
92200 0.00611046
92300 0.00611464
92400 0.00611833
92500 0.00612147
92600 0.00612386
92700 0.00612541
92800 0.00612633
92900 0.00612687
93000 0.00612718
93100 0.00612737
93200 0.00612746
93300 0.00612729
93400 0.00612686
93500 0.00612645
93600 0.00612638
93700 0.00612656
93800 0.00612687
93900 0.0061273
94000 0.00612794
94100 0.00612874
94200 0.0061296
94300 0.00613048
94400 0.00613153
94500 0.00613289
94600 0.00613459
94700 0.00613652
94800 0.00613847
94900 0.00614022
95000 0.0061417
95100 0.00614306
95200 0.00614451
95300 0.00614604
95400 0.00614741
95500 0.00614869
95600 0.0061501
95700 0.00615175
95800 0.00615366
95900 0.006156
96000 0.00615886
96100 0.006162
96200 0.00616521
96300 0.00616847
96400 0.00617171
96500 0.00617466
96600 0.00617707
96700 0.00617899
96800 0.00618063
96900 0.00618212
97000 0.00618355
97100 0.00618505
97200 0.00618666
97300 0.00618848
97400 0.00619052
97500 0.00619264
97600 0.00619466
97700 0.00619652
97800 0.00619817
97900 0.0061997
98000 0.00620113
98100 0.00620253
98200 0.00620406
98300 0.00620575
98400 0.00620766
98500 0.00620982
98600 0.00621229
98700 0.00621514
98800 0.00621859
98900 0.00622276
99000 0.00622755
99100 0.00623268
99200 0.00623816
99300 0.00624402
99400 0.00625018
99500 0.00625657
99600 0.00626324
99700 0.00627031
99800 0.00627775
99900 0.00628545
100000 0.00629334
100100 0.00630136
100200 0.00630938
100300 0.00631743
100400 0.00632556
100500 0.0063339
100600 0.00634246
100700 0.00635108
100800 0.00635959
100900 0.00636786
101000 0.00637578
101100 0.00638312
101200 0.0063898
101300 0.00639587
101400 0.00640155
101500 0.00640719
101600 0.00641299
101700 0.00641908
101800 0.00642535
101900 0.00643161
102000 0.00643773
102100 0.00644374
102200 0.00644937
102300 0.00645438
102400 0.00645879
102500 0.00646269
102600 0.00646618
102700 0.00646938
102800 0.00647246
102900 0.0064757
103000 0.00647938
103100 0.00648371
103200 0.00648881
103300 0.00649464
103400 0.00650116
103500 0.00650821
103600 0.00651573
103700 0.00652385
103800 0.00653259
103900 0.00654174
104000 0.00655119
104100 0.0065607
104200 0.00657012
104300 0.00657933
104400 0.00658841
104500 0.00659742
104600 0.00660638
104700 0.0066153
104800 0.00662418
104900 0.00663293
105000 0.00664165
105100 0.00665033
105200 0.00665905
105300 0.00666787
105400 0.00667692
105500 0.00668619
105600 0.00669543
105700 0.00670452
105800 0.00671352
105900 0.00672226
106000 0.00673056
106100 0.00673854
106200 0.00674637
106300 0.00675405
106400 0.00676165
106500 0.00676914
106600 0.00677648
106700 0.00678369
106800 0.00679074
106900 0.00679772
107000 0.00680454
107100 0.00681115
107200 0.00681792
107300 0.0068252
107400 0.00683295
107500 0.00684096
107600 0.00684921
107700 0.00685776
107800 0.00686665
107900 0.00687591
108000 0.00688556
108100 0.00689557
108200 0.00690565
108300 0.00691554
108400 0.00692511
108500 0.00693442
108600 0.00694361
108700 0.00695264
108800 0.0069616
108900 0.00697053
109000 0.0069796
109100 0.00698895
109200 0.00699876
109300 0.00700917
109400 0.00702006
109500 0.00703135
109600 0.00704303
109700 0.00705501
109800 0.00706732
109900 0.00708021
110000 0.00709379
110100 0.00710787
110200 0.00712196
110300 0.00713586
110400 0.00714955
110500 0.00716284
110600 0.00717564
110700 0.00718788
110800 0.00719924
110900 0.00720949
111000 0.00721861
111100 0.0072267
111200 0.00723403
111300 0.00724073
111400 0.00724702
111500 0.00725307
111600 0.00725881
111700 0.00726427
111800 0.00726942
111900 0.00727429
112000 0.00727907
112100 0.00728395
112200 0.00728877
112300 0.0072935
112400 0.00729807
112500 0.00730242
112600 0.00730625
112700 0.00730942
112800 0.00731225
112900 0.00731515
113000 0.00731813
113100 0.00732099
113200 0.0073237
113300 0.00732631
113400 0.00732896
113500 0.00733194
113600 0.00733536
113700 0.00733918
113800 0.00734363
113900 0.00734919
114000 0.00735592
114100 0.00736354
114200 0.00737183
114300 0.00738072
114400 0.0073902
114500 0.00740012
114600 0.0074101
114700 0.00741968
114800 0.00742847
114900 0.00743619
115000 0.00744278
115100 0.0074484
115200 0.00745324
115300 0.00745745
115400 0.00746123
115500 0.00746467
115600 0.00746801
115700 0.00747162
115800 0.0074758
115900 0.00748082
116000 0.00748675
116100 0.00749343
116200 0.00750062
116300 0.00750834
116400 0.00751661
116500 0.00752528
116600 0.0075342
116700 0.00754328
116800 0.00755233
116900 0.00756126
117000 0.00757012
117100 0.00757902
117200 0.00758798
117300 0.00759676
117400 0.00760537
117500 0.00761418
117600 0.00762348
117700 0.00763316
117800 0.00764311
117900 0.00765336
118000 0.00766402
118100 0.00767535
118200 0.00768746
118300 0.00770012
118400 0.00771299
118500 0.00772617
118600 0.0077397
118700 0.00775327
118800 0.0077667
118900 0.00778013
119000 0.00779355
119100 0.00780681
119200 0.00781968
119300 0.00783204
119400 0.00784393
119500 0.00785515
119600 0.00786553
119700 0.00787503
119800 0.0078836
119900 0.00789092
120000 0.00789652
120100 0.00790045
120200 0.00790303
120300 0.00790456
120400 0.00790514
120500 0.00790512
120600 0.00790482
120700 0.00790428
120800 0.00790372
120900 0.00790322
121000 0.00790283
121100 0.00790267
121200 0.00790295
121300 0.007904
121400 0.0079058
121500 0.00790837
121600 0.00791157
121700 0.00791507
121800 0.00791871
121900 0.0079224
122000 0.00792629
122100 0.00793082
122200 0.00793631
122300 0.00794279
122400 0.00795003
122500 0.00795753
122600 0.00796484
122700 0.00797191
122800 0.00797921
122900 0.007987
123000 0.00799515
123100 0.00800347
123200 0.00801197
123300 0.00802087
123400 0.00803016
123500 0.00803976
123600 0.00804975
123700 0.00806007
123800 0.00807057
123900 0.00808119
124000 0.00809192
124100 0.00810266
124200 0.0081133
124300 0.00812399
124400 0.00813485
124500 0.00814574
124600 0.00815642
124700 0.00816699
124800 0.00817748
124900 0.00818794
125000 0.00819863
125100 0.00820943
125200 0.00822003
125300 0.00823014
125400 0.00823975
125500 0.00824896
125600 0.00825806
125700 0.00826717
125800 0.00827619
125900 0.00828504
126000 0.00829367
126100 0.00830222
126200 0.008311
126300 0.00832006
126400 0.00832955
126500 0.00833965
126600 0.00835064
126700 0.00836273
126800 0.00837586
126900 0.00839014
127000 0.00840545
127100 0.00842179
127200 0.00843913
127300 0.00845714
127400 0.00847525
127500 0.00849286
127600 0.00850955
127700 0.00852545
127800 0.00854077
127900 0.00855562
128000 0.00856994
128100 0.00858385
128200 0.00859763
128300 0.00861124
128400 0.00862462
128500 0.00863798
128600 0.00865158
128700 0.00866537
128800 0.00867889
128900 0.00869191
129000 0.00870437
129100 0.0087161
129200 0.00872701
129300 0.00873725
129400 0.00874681
129500 0.00875572
129600 0.00876415
129700 0.00877236
129800 0.00878047
129900 0.00878839
130000 0.00879625
130100 0.00880412
130200 0.00881157
130300 0.0088184
130400 0.00882468
130500 0.00883055
130600 0.00883603
130700 0.00884103
130800 0.00884586
130900 0.0088509
131000 0.00885631
131100 0.00886213
131200 0.00886842
131300 0.00887509
131400 0.00888208
131500 0.00888955
131600 0.00889756
131700 0.008906
131800 0.00891483
131900 0.00892412
132000 0.0089339
132100 0.00894397
132200 0.00895427
132300 0.00896474
132400 0.00897525
132500 0.00898546
132600 0.00899524
132700 0.00900483
132800 0.00901432
132900 0.00902359
133000 0.0090323
133100 0.00903988
133200 0.00904626
133300 0.00905152
133400 0.00905583
133500 0.00905966
133600 0.00906345
133700 0.00906764
133800 0.00907252
133900 0.0090782
134000 0.00908483
134100 0.00909256
134200 0.00910156
134300 0.00911193
134400 0.00912362
134500 0.00913641
134600 0.00915025
134700 0.00916503
134800 0.00918076
134900 0.00919755
135000 0.00921515
135100 0.00923302
135200 0.0092508
135300 0.00926819
135400 0.00928501
135500 0.00930136
135600 0.00931713
135700 0.00933203
135800 0.00934594
135900 0.00935876
136000 0.00937065
136100 0.0093817
136200 0.00939181
136300 0.00940086
136400 0.00940885
136500 0.00941609
136600 0.00942302
136700 0.00942985
136800 0.00943649
136900 0.00944281
137000 0.00944862
137100 0.00945396
137200 0.00945891
137300 0.00946337
137400 0.00946724
137500 0.00947049
137600 0.00947343
137700 0.00947655
137800 0.00947998
137900 0.00948359
138000 0.00948734
138100 0.0094917
138200 0.00949698
138300 0.00950355
138400 0.00951151
138500 0.00952057
138600 0.00953045
138700 0.00954095
138800 0.00955211
138900 0.00956371
139000 0.00957556
139100 0.00958757
139200 0.00959984
139300 0.00961237
139400 0.00962499
139500 0.0096377
139600 0.0096505
139700 0.00966332
139800 0.0096759
139900 0.00968832
140000 0.00970116
140100 0.00971478
140200 0.00972896
140300 0.00974315
140400 0.00975718
140500 0.00977118
140600 0.00978516
140700 0.00979875
140800 0.0098115
140900 0.00982341
141000 0.00983459
141100 0.00984533
141200 0.00985583
141300 0.00986622
141400 0.00987637
141500 0.00988596
141600 0.0098948
141700 0.00990285
141800 0.00991009
141900 0.00991653
142000 0.00992242
142100 0.00992796
142200 0.00993333
142300 0.00993863
142400 0.00994399
142500 0.00994973
142600 0.00995617
142700 0.00996358
142800 0.009972
142900 0.00998118
143000 0.00999089
143100 0.0100014
143200 0.0100132
143300 0.0100264
143400 0.0100405
143500 0.0100553
143600 0.0100709
143700 0.0100869
143800 0.0101034
143900 0.0101204
144000 0.0101379
144100 0.0101555
144200 0.0101726
144300 0.0101883
144400 0.0102026
144500 0.0102159
144600 0.0102286
144700 0.0102406
144800 0.0102521
144900 0.0102631
145000 0.0102741
145100 0.0102849
145200 0.0102955
145300 0.0103064
145400 0.0103183
145500 0.0103312
145600 0.0103451
145700 0.0103599
145800 0.0103758
145900 0.0103925
146000 0.0104099
146100 0.0104277
146200 0.0104457
146300 0.0104639
146400 0.010482
146500 0.0104999
146600 0.0105178
146700 0.0105355
146800 0.0105531
146900 0.0105707
147000 0.0105883
147100 0.0106061
147200 0.0106237
147300 0.0106414
147400 0.0106595
147500 0.0106782
147600 0.0106978
147700 0.010718
147800 0.0107387
147900 0.0107598
148000 0.0107809
148100 0.0108018
148200 0.0108222
148300 0.0108423
148400 0.0108621
148500 0.0108819
148600 0.0109016
148700 0.0109212
148800 0.0109409
148900 0.0109602
149000 0.0109788
149100 0.0109969
149200 0.0110146
149300 0.0110324
149400 0.0110508
149500 0.0110697
149600 0.0110892
149700 0.011109
149800 0.0111287
149900 0.0111484
150000 0.0111685
150100 0.0111894
150200 0.0112109
150300 0.0112332
150400 0.0112562
150500 0.01128
150600 0.0113046
150700 0.0113301
150800 0.0113559
150900 0.0113813
151000 0.0114059
151100 0.0114293
151200 0.011451
151300 0.0114708
151400 0.0114888
151500 0.0115049
151600 0.0115192
151700 0.011532
151800 0.0115438
151900 0.0115547
152000 0.0115648
152100 0.0115747
152200 0.0115846
152300 0.0115948
152400 0.0116055
152500 0.0116167
152600 0.0116285
152700 0.0116411
152800 0.0116546
152900 0.0116691
153000 0.0116844
153100 0.0117002
153200 0.0117161
153300 0.0117321
153400 0.0117484
153500 0.011765
153600 0.0117823
153700 0.0118003
153800 0.0118192
153900 0.011839
154000 0.0118597
154100 0.0118812
154200 0.0119036
154300 0.011927
154400 0.0119517
154500 0.0119782
154600 0.0120065
154700 0.0120358
154800 0.0120655
154900 0.0120952
155000 0.0121252
155100 0.0121559
155200 0.0121879
155300 0.0122209
155400 0.0122544
155500 0.0122878
155600 0.012321
155700 0.0123542
155800 0.0123871
155900 0.0124191
156000 0.0124501
156100 0.0124798
156200 0.0125082
156300 0.0125358
156400 0.012563
156500 0.0125895
156600 0.0126153
156700 0.0126406
156800 0.0126654
156900 0.01269
157000 0.0127146
157100 0.012739
157200 0.0127628
157300 0.0127862
157400 0.0128093
157500 0.0128322
157600 0.0128545
157700 0.0128762
157800 0.0128971
157900 0.012917
158000 0.0129359
158100 0.0129544
158200 0.0129731
158300 0.0129923
158400 0.0130124
158500 0.0130335
158600 0.0130556
158700 0.0130784
158800 0.0131017
158900 0.0131248
159000 0.0131473
159100 0.0131693
159200 0.0131911
159300 0.0132127
159400 0.0132339
159500 0.0132544
159600 0.0132742
159700 0.0132934
159800 0.0133119
159900 0.0133294
160000 0.0133464
160100 0.013363
160200 0.0133792
160300 0.0133954
160400 0.013412
160500 0.0134296
160600 0.0134482
160700 0.0134679
160800 0.0134888
160900 0.0135106
161000 0.0135331
161100 0.0135559
161200 0.0135792
161300 0.0136036
161400 0.0136289
161500 0.0136547
161600 0.0136803
161700 0.0137055
161800 0.0137305
161900 0.0137555
162000 0.0137804
162100 0.0138053
162200 0.0138306
162300 0.0138565
162400 0.0138827
162500 0.0139089
162600 0.0139351
162700 0.0139619
162800 0.0139893
162900 0.0140161
163000 0.0140417
163100 0.0140661
163200 0.0140891
163300 0.01411
163400 0.0141282
163500 0.0141431
163600 0.0141549
163700 0.0141638
163800 0.0141707
163900 0.0141766
164000 0.0141818
164100 0.0141868
164200 0.0141919
164300 0.0141978
164400 0.0142047
164500 0.0142123
164600 0.0142206
164700 0.0142299
164800 0.0142402
164900 0.0142522
165000 0.0142662
165100 0.0142822
165200 0.0142999
165300 0.0143189
165400 0.0143385
165500 0.0143585
165600 0.0143787
165700 0.0143995
165800 0.0144199
165900 0.0144394
166000 0.0144583
166100 0.0144768
166200 0.0144946
166300 0.0145118
166400 0.0145284
166500 0.0145447
166600 0.014561
166700 0.0145769
166800 0.0145924
166900 0.0146081
167000 0.0146239
167100 0.0146393
167200 0.0146542
167300 0.0146685
167400 0.0146821
167500 0.0146954
167600 0.0147084
167700 0.0147211
167800 0.0147336
167900 0.0147457
168000 0.0147576
168100 0.0147692
168200 0.0147801
168300 0.0147906
168400 0.0148012
168500 0.0148123
168600 0.0148242
168700 0.0148368
168800 0.0148501
168900 0.0148634
169000 0.0148763
169100 0.0148885
169200 0.0148999
169300 0.0149097
169400 0.0149174
169500 0.0149232
169600 0.0149274
169700 0.0149298
169800 0.0149298
169900 0.0149279
170000 0.0149245
170100 0.01492
170200 0.0149151
170300 0.0149106
170400 0.0149066
170500 0.0149037
170600 0.0149021
170700 0.0149022
170800 0.0149038
170900 0.0149067
171000 0.0149113
171100 0.0149183
171200 0.0149275
171300 0.0149389
171400 0.0149524
171500 0.0149675
171600 0.0149841
171700 0.0150022
171800 0.0150218
171900 0.0150431
172000 0.015066
172100 0.0150904
172200 0.015116
172300 0.0151425
172400 0.0151697
172500 0.0151973
172600 0.0152255
172700 0.0152544
172800 0.0152833
172900 0.0153118
173000 0.0153398
173100 0.0153673
173200 0.0153945
173300 0.0154211
173400 0.0154465
173500 0.0154708
173600 0.0154943
173700 0.0155178
173800 0.0155418
173900 0.0155663
174000 0.0155909
174100 0.0156159
174200 0.0156419
174300 0.0156688
174400 0.0156968
174500 0.015726
174600 0.0157564
174700 0.0157883
174800 0.0158223
174900 0.0158585
175000 0.0158967
175100 0.0159367
175200 0.015978
175300 0.0160197
175400 0.0160614
175500 0.0161027
175600 0.0161438
175700 0.0161842
175800 0.0162241
175900 0.0162632
176000 0.0163013
176100 0.0163382
176200 0.0163733
176300 0.0164065
176400 0.0164376
176500 0.0164658
176600 0.0164908
176700 0.0165131
176800 0.0165343
176900 0.0165551
177000 0.0165755
177100 0.0165951
177200 0.016614
177300 0.0166322
177400 0.0166501
177500 0.0166671
177600 0.0166829
177700 0.0166978
177800 0.0167125
177900 0.0167275
178000 0.0167435
178100 0.0167604
178200 0.0167783
178300 0.0167972
178400 0.0168173
178500 0.0168386
178600 0.0168611
178700 0.0168852
178800 0.0169109
178900 0.0169385
179000 0.0169677
179100 0.0169985
179200 0.0170303
179300 0.0170619
179400 0.0170932
179500 0.0171241
179600 0.017155
179700 0.0171864
179800 0.0172188
179900 0.0172513
180000 0.0172829
180100 0.0173127
180200 0.0173395
180300 0.0173631
180400 0.0173845
180500 0.0174046
180600 0.0174233
180700 0.0174405
180800 0.0174566
180900 0.0174719
181000 0.0174869
181100 0.0175011
181200 0.0175145
181300 0.0175274
181400 0.0175396
181500 0.0175509
181600 0.0175617
181700 0.0175722
181800 0.0175827
181900 0.0175937
182000 0.0176057
182100 0.0176198
182200 0.0176361
182300 0.0176547
182400 0.017676
182500 0.0177003
182600 0.0177276
182700 0.0177576
182800 0.0177903
182900 0.0178255
183000 0.0178623
183100 0.0179
183200 0.0179384
183300 0.0179773
183400 0.0180163
183500 0.0180547
183600 0.0180924
183700 0.0181296
183800 0.018166
183900 0.0182019
184000 0.0182369
184100 0.0182712
184200 0.0183046
184300 0.0183367
184400 0.0183674
184500 0.0183972
184600 0.0184269
184700 0.018456
184800 0.0184841
184900 0.0185109
185000 0.0185363
185100 0.0185605
185200 0.0185834
185300 0.0186054
185400 0.0186269
185500 0.018648
185600 0.0186691
185700 0.0186908
185800 0.0187133
185900 0.018737
186000 0.018762
186100 0.0187884
186200 0.0188164
186300 0.0188455
186400 0.0188754
186500 0.0189057
186600 0.0189361
186700 0.0189667
186800 0.0189974
186900 0.0190286
187000 0.0190601
187100 0.0190911
187200 0.0191205
187300 0.0191474
187400 0.0191716
187500 0.0191935
187600 0.019214
187700 0.0192332
187800 0.0192514
187900 0.0192679
188000 0.0192832
188100 0.0192988
188200 0.0193155
188300 0.0193329
188400 0.0193509
188500 0.019369
