# Time-averaged data for fix myat1
# TimeStep v_mytemp
100 24.3106
200 107.878
300 157.975
400 179.615
500 195.288
600 203.511
700 217.167
800 227.167
900 233.509
1000 247.474
1100 261.107
1200 272.547
1300 267.138
1400 273.88
1500 278.57
1600 287.994
1700 306.015
1800 305.403
1900 310.977
2000 335.152
2100 331.733
2200 339.016
2300 340.948
2400 334.795
2500 349.344
2600 353.34
2700 342.74
2800 332.612
2900 341.895
3000 346.172
3100 332.247
3200 323.782
3300 328.859
3400 323.895
3500 298.67
3600 292.349
3700 299.448
3800 306.552
3900 311.199
4000 315.022
4100 320.924
4200 313.619
4300 299.985
4400 299.578
4500 304.587
4600 306.276
4700 307.512
4800 312.78
4900 311.121
5000 303.606
5100 307.745
5200 304.893
5300 301.881
5400 302.676
5500 298.274
5600 293.588
5700 309.022
5800 308.474
5900 310.546
6000 314.802
6100 305.93
6200 299.838
6300 309.748
6400 320.528
6500 315.35
6600 305.142
6700 304.767
6800 295.723
6900 290.83
7000 295.456
7100 301.049
7200 319.344
7300 318.987
7400 307.003
7500 310.552
7600 312.957
7700 299.518
7800 304.454
7900 327.237
8000 333.941
8100 317.469
8200 313.246
8300 327.528
8400 325.773
8500 324.585
8600 320.471
8700 326.562
8800 320.893
8900 310.611
9000 312.63
9100 319.769
9200 326.495
9300 335.596
9400 330.229
9500 324.419
9600 323.132
9700 321.89
9800 319.398
9900 315.474
10000 319.898
10100 317.75
10200 321.139
10300 320.313
10400 315.903
10500 317.04
10600 318.131
10700 313.943
10800 306.716
10900 309.327
11000 312.668
11100 309.079
11200 320.21
11300 303.892
11400 295.828
11500 288.64
11600 300.235
11700 309.328
11800 302.999
11900 292.306
12000 304.426
12100 295.209
12200 301.832
12300 305.352
12400 304.985
12500 312.665
12600 317.066
12700 307.766
12800 314.112
12900 315.288
13000 296.091
13100 297.783
13200 310.082
13300 298.512
13400 293.766
13500 292.076
13600 308.173
13700 308.272
13800 308.804
13900 319.735
14000 305.848
14100 302.215
14200 306.157
14300 320.361
14400 318.536
14500 309.083
14600 311.577
14700 326.558
14800 333.691
14900 312.486
15000 316.187
15100 318.85
15200 315.048
15300 314.686
15400 307.396
15500 295.54
15600 294.256
15700 294.321
15800 307.832
15900 309.025
16000 298.971
16100 302.583
16200 307.111
16300 294.265
16400 308.074
16500 319.485
16600 318.741
16700 312.986
16800 314.342
16900 318.508
17000 331.849
17100 319.788
17200 320.599
17300 327.564
17400 329.267
17500 325.831
17600 316.709
17700 312.339
17800 327.195
17900 347.345
18000 345.033
18100 341.759
18200 328.421
18300 327.634
18400 321.741
18500 322.315
18600 336.545
18700 341.064
18800 320.418
18900 336.053
19000 327.042
19100 312.267
19200 319.185
19300 330.503
19400 322.821
19500 302.19
19600 321.743
19700 332.36
19800 322.085
19900 309.88
20000 305.619
20100 317.239
20200 328.268
20300 325.953
20400 332.343
20500 327.517
20600 329.358
20700 335.341
20800 337.446
20900 334.634
21000 325.513
21100 325.162
21200 317.379
21300 322.017
21400 326.07
21500 310.742
21600 300.745
21700 304.817
21800 301.956
21900 298.472
22000 291.667
22100 301.722
22200 301.549
22300 311.068
22400 304.516
22500 291.744
22600 283.24
22700 288.295
22800 295.676
22900 301.241
23000 319.355
23100 307.202
23200 314.28
23300 318.436
23400 314.934
23500 304.179
23600 304.876
23700 299.968
23800 300.412
23900 317.238
24000 317.96
24100 312.043
24200 313.016
24300 317.336
24400 304.552
24500 308.391
24600 302.907
24700 309.24
24800 304.512
24900 299.051
25000 302.292
25100 308.385
25200 308.563
25300 303.665
25400 301.095
25500 304.993
25600 308.83
25700 298.639
25800 300.064
25900 310.259
26000 319.308
26100 313.255
26200 301.233
26300 299.242
26400 300.849
26500 301.565
26600 301.749
26700 299.157
26800 305.434
26900 304.471
27000 306.8
27100 297.831
27200 305.405
27300 314.009
27400 306.88
27500 298.806
27600 310.988
27700 319.279
27800 311.766
27900 298.389
28000 311.071
28100 302.695
28200 292.738
28300 295.066
28400 288.831
28500 303.971
28600 303.03
28700 304.787
28800 313.825
28900 293.709
29000 312.847
29100 307.671
29200 297.411
29300 297.283
29400 313.209
29500 311.531
29600 306.958
29700 312.951
29800 298.365
29900 300.518
30000 304.75
30100 309.627
30200 310.659
30300 301.621
30400 300.38
30500 312.302
30600 304.906
30700 307.788
30800 311.473
30900 320.724
31000 317.358
31100 317.815
31200 313.112
31300 309.469
31400 296.216
31500 291.992
31600 308.585
31700 315.565
31800 321.052
31900 319.082
32000 304.507
32100 312.626
32200 314.821
32300 312.621
32400 311.545
32500 298.054
32600 293.625
32700 287.286
32800 303.493
32900 301.9
33000 299.721
33100 302.942
33200 283.747
33300 270.717
33400 288.499
33500 296.233
33600 309.853
33700 295.811
33800 297.092
33900 301.55
34000 308.257
34100 311.813
34200 305.16
34300 314.127
34400 313.343
34500 308.775
34600 301.782
34700 303.3
34800 301.207
34900 288.622
35000 288.138
35100 289.994
35200 290.904
35300 299.033
35400 298.527
35500 288.079
35600 298.148
35700 298.688
35800 295.492
35900 295.009
36000 293.092
36100 281.727
36200 287.726
36300 280.795
36400 280.786
36500 281.412
36600 274.825
36700 279.087
36800 273.893
36900 276.65
37000 297.83
37100 291.05
37200 278.463
37300 286.943
37400 290.354
37500 291.552
37600 306.484
37700 299.538
37800 299.338
37900 293.086
38000 308.263
38100 306.933
38200 312.885
38300 320.081
38400 331.015
38500 327.995
38600 318.784
38700 322.368
38800 319.372
38900 324.189
39000 336.337
39100 313.182
39200 301.22
39300 302.461
39400 307.498
39500 306.438
39600 308.863
39700 310.459
39800 312.034
39900 316.106
40000 317.367
40100 310.914
40200 302.892
40300 298.719
40400 304.963
40500 304.184
40600 303.003
40700 315.656
40800 323.427
40900 322.795
41000 303.625
41100 307.011
41200 318.394
41300 297.716
41400 300.381
41500 300.083
41600 308.352
41700 306.971
41800 304.067
41900 294.822
42000 304.645
42100 311.452
42200 292.592
42300 298.954
42400 295.217
42500 284.663
42600 288.933
42700 283.28
42800 281.75
42900 287.528
43000 286.376
43100 295.308
43200 297.63
43300 300.729
43400 306.762
43500 294.417
43600 294.962
43700 306.583
43800 307.021
43900 300.921
44000 297.215
44100 302.761
44200 314.945
44300 307.046
44400 297.846
44500 297.976
44600 304.751
44700 311.966
44800 303.234
44900 294.672
45000 288.224
45100 295.175
45200 300.66
45300 294.3
45400 310.121
45500 310.579
45600 302.155
45700 307.747
45800 306.534
45900 298.232
46000 313.229
46100 319.638
46200 316.036
46300 314.745
46400 310.71
46500 305
46600 313.535
46700 316.289
46800 320.396
46900 310.888
47000 323.205
47100 320.101
47200 298.963
47300 297.684
47400 306.165
47500 306.706
47600 318.317
47700 309.04
47800 304.639
47900 309.535
48000 322.353
48100 316.902
48200 319.088
48300 315.847
48400 320.212
48500 316.614
48600 306.445
48700 297.711
48800 290.649
48900 290.44
49000 298.943
49100 299.609
49200 293.341
49300 305.311
49400 303.028
49500 294.418
49600 291.095
49700 292.622
49800 300.81
49900 296.797
50000 299.821
50100 305.669
50200 310.82
50300 315.418
50400 312.437
50500 310.873
50600 319.759
50700 311.865
50800 299.048
50900 306.487
51000 314.122
51100 301.749
51200 306.467
51300 317.343
51400 312.869
51500 312.831
51600 309.106
51700 314.475
51800 317.771
51900 318.854
52000 313.03
52100 306.934
52200 315.978
52300 306.865
52400 302.603
52500 316.159
52600 295.13
52700 305.003
52800 303.421
52900 292.764
53000 299.953
53100 289.946
53200 287.878
53300 286.813
53400 300.731
53500 315.325
53600 305.026
53700 307.671
53800 313.496
53900 313.635
54000 302.983
54100 302.956
54200 324.52
54300 318.138
54400 311.163
54500 307.781
54600 306.188
54700 300.091
54800 309.326
54900 312.915
55000 309.372
55100 305.378
55200 308.697
55300 303.646
55400 302.884
55500 301.446
55600 297.288
55700 300.236
55800 299.771
55900 299.521
56000 308.546
56100 309.995
56200 303.14
56300 310.5
56400 303.89
56500 316.237
56600 310.08
56700 301.956
56800 315.905
56900 314.778
57000 321.049
57100 313.264
57200 299.999
57300 297.693
57400 305.573
57500 314.038
57600 303.465
57700 287.717
57800 293.876
57900 312.282
58000 312.032
58100 310.551
58200 293.963
58300 302.496
58400 290.939
58500 308.106
58600 307.795
58700 304.568
58800 294.251
58900 281.03
59000 300.181
59100 301.501
59200 306.787
59300 300.282
59400 308.685
59500 306.974
59600 313.021
59700 305.61
59800 308.117
59900 320.546
60000 304.449
60100 293.33
60200 303.039
60300 301.18
60400 292.686
60500 299.584
60600 303.418
60700 294.924
60800 290.234
60900 287.293
61000 302.015
61100 286.524
61200 289.788
61300 296.126
61400 288.86
61500 292.116
61600 297.901
61700 307.435
61800 313.766
61900 292.74
62000 302.483
62100 317.909
62200 321.163
62300 311.527
62400 305.969
62500 306.865
62600 302.556
62700 311.94
62800 298.525
62900 313.244
63000 314.27
63100 294.33
63200 299.568
63300 300.531
63400 302.466
63500 301.536
63600 293.628
63700 301.05
63800 310.012
63900 310.957
64000 298.575
64100 305.402
64200 312.006
64300 303.462
64400 295.802
64500 289.328
64600 299.883
64700 296.228
64800 297.712
64900 296.71
65000 299.125
65100 297.642
65200 294.369
65300 311.151
65400 307.666
65500 302.165
65600 301.688
65700 298.544
65800 282.219
65900 295.59
66000 295.364
66100 301.106
66200 301.425
66300 286.447
66400 270.183
66500 285.767
66600 287.012
66700 282.464
66800 280.919
66900 292.046
67000 286.542
67100 281.862
67200 286.979
67300 295.197
67400 284.236
67500 298.83
67600 312.172
67700 295.24
67800 293.224
67900 307.063
68000 295.082
68100 293.584
68200 297.258
68300 288.789
68400 300.316
68500 311.044
68600 315.351
68700 301.645
68800 300.743
68900 302.205
69000 293.861
69100 292.257
69200 289.922
69300 287.174
69400 290.027
69500 300.698
69600 298.037
69700 295.051
69800 295.783
69900 302.973
70000 299.645
70100 290.066
70200 304.292
70300 319.288
70400 322.028
70500 315.97
70600 316.672
70700 319.544
70800 317.77
70900 300.495
71000 302.878
71100 315.636
71200 313.426
71300 315.73
71400 306.366
71500 322.799
71600 303.619
71700 306.272
71800 313.741
71900 323.54
72000 312.531
72100 308.647
72200 308.581
72300 312.245
72400 317.137
72500 323.785
72600 317.307
72700 300.797
72800 303.225
72900 299.691
73000 300.298
73100 316.304
73200 301.587
73300 299.144
73400 313.682
73500 314.291
73600 302.3
73700 313.268
73800 313.686
73900 307.87
74000 310.86
74100 314.975
74200 312.635
74300 317.585
74400 305.528
74500 309.134
74600 301.606
74700 318.738
74800 302.324
74900 288.965
75000 304.346
75100 302.002
75200 303.59
75300 297.281
75400 287.735
75500 296.136
75600 291.009
75700 296.614
75800 300.107
75900 299.153
76000 288.987
76100 288.304
76200 291.681
76300 300.338
76400 296.992
76500 293.059
76600 294.194
76700 310.191
76800 299.725
76900 300.141
77000 278.122
77100 292.478
77200 292.313
77300 307.634
77400 314.305
77500 296.587
77600 293.607
77700 311.092
77800 315.005
77900 315.808
78000 317.522
78100 313.788
78200 310.406
78300 309.145
78400 319.887
78500 323.546
78600 312.904
78700 324.979
78800 321.003
78900 327.664
79000 316.632
79100 307.34
79200 320.026
79300 327.478
79400 323.631
79500 309.793
79600 313.235
79700 317.871
79800 319.207
79900 307.694
80000 312.082
80100 323.334
80200 323.474
80300 335.346
80400 316.036
80500 302.942
80600 312.406
80700 297.163
80800 306.661
80900 302.572
81000 309.983
81100 315.624
81200 310.027
81300 305.935
81400 300.025
81500 286.762
81600 299.203
81700 315.98
81800 316.105
81900 311.515
82000 309.944
82100 298.58
82200 306.838
82300 301.056
82400 300.314
82500 292.788
82600 291.411
82700 284.678
82800 303.05
82900 283.168
83000 272.813
83100 286.666
83200 286.555
83300 276.943
83400 292.647
83500 301.258
83600 283.401
83700 287.993
83800 300.665
83900 302.421
84000 308.108
84100 313.7
84200 320.22
84300 305.055
84400 315.778
84500 312.971
84600 314.176
84700 321.852
84800 309.354
84900 313.224
85000 309.557
85100 303.134
85200 300.393
85300 304.378
85400 303.292
85500 299.849
85600 292.241
85700 286.922
85800 304.252
85900 300.925
86000 296.781
86100 294.34
86200 304.634
86300 306.961
86400 298.922
86500 298.411
86600 305.945
86700 290.645
86800 282.266
86900 295.247
87000 293.534
87100 284.202
87200 289.068
87300 284.824
87400 292.612
87500 283.36
87600 284.868
87700 280.91
87800 276.307
87900 283.963
88000 283.808
88100 298.702
88200 295.036
88300 283.981
88400 285.155
88500 303.891
88600 298.375
88700 309.146
88800 304.276
88900 303.062
89000 296.667
89100 295.508
89200 311.835
89300 311.009
89400 300.237
89500 296.533
89600 308.276
89700 299.541
89800 311.66
89900 311.813
90000 316.139
90100 315.918
90200 300.175
90300 299.989
90400 309.507
90500 296.766
90600 300.815
90700 301.641
90800 293.853
90900 298.441
91000 299.65
91100 306.483
91200 301.818
91300 301.105
91400 303.126
91500 311.49
91600 311.613
91700 304.961
91800 308.216
91900 308.236
92000 306.987
92100 301.603
92200 315.53
92300 311.983
92400 309.433
92500 305.329
92600 299.014
92700 302.161
92800 308.788
92900 302.286
93000 316.17
93100 314.633
93200 298.656
93300 296.252
93400 304.51
93500 324.482
93600 306.082
93700 306.687
93800 297.657
93900 301.182
94000 299.315
94100 300.562
94200 293.499
94300 290.698
94400 300.814
94500 306.21
94600 303.63
94700 298.156
94800 298.249
94900 308.07
95000 307.926
95100 312.582
95200 319.186
95300 292.064
95400 299.921
95500 304.671
95600 305.028
95700 303.003
95800 308.437
95900 311.191
96000 303.511
96100 303.924
96200 311.735
96300 308.684
96400 298.142
96500 283.284
96600 290.343
96700 296.392
96800 296.428
96900 290.807
97000 301.699
97100 293.936
97200 308.745
97300 301.928
97400 289.496
97500 288.128
97600 302.024
97700 285.234
97800 303.349
97900 300.825
98000 301.371
98100 307.038
98200 306.289
98300 307.758
98400 297.038
98500 297.316
98600 294.717
98700 295.453
98800 290.004
98900 298.537
99000 282.155
99100 287.442
99200 282.048
99300 280.882
99400 282.097
99500 294.861
99600 295.87
99700 293.488
99800 290.431
99900 290.513
100000 288.367
100100 280.006
100200 301.188
100300 290.097
100400 290.865
100500 292.565
100600 289.888
100700 282.184
100800 283.515
100900 299.729
101000 287.201
101100 290.97
101200 295.344
101300 294.372
101400 298.167
101500 300.506
101600 312.554
101700 303.505
101800 294.138
101900 294.263
102000 324.107
102100 321.663
102200 311.908
102300 323.825
102400 324.022
102500 321.703
102600 322.123
102700 320.245
102800 315.89
102900 304.127
103000 299.712
103100 311.706
103200 305.367
103300 299.183
103400 279.582
103500 278.804
103600 300.485
103700 312.393
103800 304.681
103900 310.365
104000 295.737
104100 306.58
104200 304.386
104300 305.98
104400 303.77
104500 295.99
104600 303.93
104700 302.358
104800 292.374
104900 300.129
105000 285.544
105100 298.568
105200 296.597
105300 295.091
105400 291.038
105500 288.298
105600 295.403
105700 301.491
105800 298.369
105900 294.319
106000 293.463
106100 302.357
106200 294.379
106300 308.62
106400 300.12
106500 299.647
106600 306.685
106700 300.952
106800 298.018
106900 290.927
107000 286.256
107100 304.654
107200 312.611
107300 309.365
107400 309.686
107500 321.806
107600 316.372
107700 317.659
107800 320.419
107900 322.317
108000 328.886
108100 317.761
108200 319.014
108300 311.005
108400 308.368
108500 321.78
108600 314.559
108700 319.118
108800 307.892
108900 313.685
109000 314.595
109100 325.152
109200 329.88
109300 317.367
109400 310.354
109500 314.701
109600 318.208
109700 312.831
109800 315.056
109900 318.414
110000 322.929
110100 291.543
110200 293.863
110300 304.581
110400 308.853
110500 303.609
110600 307.553
110700 303.804
110800 297.087
110900 290.108
111000 289.449
111100 308.008
111200 296.642
111300 308.966
111400 310.013
111500 295.01
111600 299.816
111700 291.697
111800 284.94
111900 289.368
112000 304.945
112100 302.23
112200 314.04
112300 311.56
112400 313.85
112500 296.736
112600 285.761
112700 289.204
112800 305.445
112900 299.145
113000 289.846
113100 293.578
113200 289.58
113300 281.384
113400 283.037
113500 287.87
113600 278.164
113700 274.108
113800 288.447
113900 283.422
114000 276.28
114100 277.947
114200 275.333
114300 293.305
114400 309.327
114500 301.627
114600 299.771
114700 304.316
114800 302.635
114900 301.687
115000 313.799
115100 324.97
115200 315.892
115300 314.191
115400 316.756
115500 316.657
115600 316.41
115700 301.245
115800 303.264
115900 303.936
116000 305.903
116100 298.114
116200 298.62
116300 294.802
116400 298.661
116500 303.338
116600 301.448
116700 290.19
116800 292.559
116900 292.437
117000 296.62
117100 303.262
117200 291.902
117300 291.581
117400 297.557
117500 318.769
117600 316.453
117700 300.084
117800 300.181
117900 300.364
118000 314.515
118100 310.338
118200 306.88
118300 295.627
118400 316.141
118500 319.561
118600 312.222
118700 320.404
118800 334.326
118900 334.117
119000 331.302
119100 331.716
119200 334.698
119300 337.273
119400 332.164
119500 342.01
119600 332.032
119700 328.975
119800 333.312
119900 315.429
120000 316.949
120100 316.191
120200 327.079
120300 312.476
120400 313.523
120500 316.025
120600 290.876
120700 301.588
120800 294.463
120900 298.322
121000 299.642
121100 293.278
121200 310.033
121300 304.479
121400 311.005
121500 304.882
121600 289.873
121700 299.519
121800 287.616
121900 284.73
122000 302.864
122100 299.638
122200 287.779
122300 287.655
122400 281.21
122500 278.913
122600 270.124
122700 296.193
122800 305.326
122900 292.234
123000 288.983
123100 287.688
123200 305.928
123300 295.305
123400 289.484
123500 303.244
123600 307.311
123700 311.238
123800 302.278
123900 314.597
124000 315.399
124100 302.646
124200 307.155
124300 314.037
124400 311.279
124500 299.21
124600 306.539
124700 314.156
124800 312.645
124900 338.926
125000 327.988
125100 314.436
125200 300.986
125300 310.139
125400 306.761
125500 319.068
125600 327.385
125700 317.502
125800 316.217
125900 311.05
126000 310.812
126100 320.095
126200 297.219
126300 288.093
126400 282.849
126500 282.814
126600 295.04
126700 277.454
126800 287.084
126900 273.093
127000 289.306
127100 309.463
127200 302.427
127300 294.901
127400 287.843
127500 290.141
127600 307.898
127700 310.488
127800 307.42
127900 294.549
128000 302.832
128100 316.581
128200 306.236
128300 291.967
128400 298.99
128500 307.313
128600 308.965
128700 290.912
128800 283.261
128900 288.277
129000 293.136
129100 291.209
129200 299.509
129300 292.574
129400 292.145
129500 298.642
129600 303.829
129700 309.014
129800 295.411
129900 301.642
130000 321.164
130100 304.428
130200 298.39
130300 299.644
130400 304.024
130500 307.122
130600 297.563
130700 307.219
130800 312.334
130900 306.684
131000 307.136
131100 324.441
131200 315.694
131300 298.934
131400 310.172
131500 313.775
131600 314.254
131700 308.342
131800 308.384
131900 315.505
132000 307.351
132100 303.851
132200 299.619
132300 302.817
132400 298.395
132500 298.017
132600 307.453
132700 314.296
132800 325.13
132900 322.031
133000 290.719
133100 297.964
133200 299.067
133300 297.984
133400 310.041
133500 296.065
133600 292.015
133700 294.505
133800 291.508
133900 289.47
134000 284.796
134100 293.602
134200 293.127
134300 287.261
134400 281.971
134500 290.803
134600 280.211
134700 284.326
134800 300.069
134900 294.018
135000 280.644
135100 294.366
135200 296.345
135300 293.648
135400 316.493
135500 318.249
135600 309.904
135700 312.036
135800 313.566
135900 315.609
136000 312.881
136100 310.774
136200 315.029
136300 303.899
136400 301.429
136500 312.053
136600 316.823
136700 305.652
136800 315.353
136900 299.502
137000 299.074
137100 295.152
137200 293.474
137300 292.989
137400 281.474
137500 276.823
137600 289.564
137700 286.473
137800 281.502
137900 267.519
138000 281.917
138100 275.309
138200 294.45
138300 294.362
138400 284.233
138500 288.253
138600 281.206
138700 288.144
138800 281.222
138900 294.135
139000 299.61
139100 302.529
139200 306.124
139300 303.752
139400 309.253
139500 310.598
139600 315.022
139700 302.743
139800 298.579
139900 323.643
140000 329.66
140100 318.156
140200 308.207
140300 310.954
140400 318.148
140500 320.249
140600 312.772
140700 299.752
140800 303.387
140900 294.983
141000 309.224
141100 307.216
141200 308.963
141300 305.541
141400 301.984
141500 298.077
141600 299.908
141700 307.872
141800 297.438
141900 300.278
142000 298.019
142100 303.152
142200 300.852
142300 293.84
142400 295.879
142500 299.323
142600 300.027
142700 295.211
142800 298.626
142900 290.025
143000 303.662
143100 306.295
143200 308.046
143300 286.793
143400 287.022
143500 294.957
143600 284.455
143700 294.046
143800 297.019
143900 309.153
144000 299.443
144100 305.4
144200 294.077
144300 295.524
144400 314.178
144500 325.906
144600 320.737
144700 303.059
144800 306.875
144900 307.563
145000 288.34
145100 283.863
145200 281.573
145300 304.811
145400 289.124
145500 281.912
145600 299.712
145700 301.615
145800 298.851
145900 299.664
146000 294.202
146100 294.536
146200 299.592
146300 296.427
146400 299.432
146500 304.763
146600 296.803
146700 299.676
146800 304.349
146900 302.316
147000 294.749
147100 297.87
147200 298.972
147300 302.824
147400 308.175
147500 301.611
147600 298.506
147700 295.675
147800 304.788
147900 290.61
148000 300.428
148100 287.657
148200 293.315
148300 303.376
148400 313.461
148500 313.026
148600 329.696
148700 336.427
148800 317.535
148900 311.578
149000 318.865
149100 321.216
149200 331.684
149300 330.922
149400 333.473
149500 332.107
149600 318.321
149700 310.844
149800 310.852
149900 314.449
150000 313.807
150100 299.485
150200 294.923
150300 306.886
150400 301.262
150500 291.025
150600 306.91
150700 292.035
150800 297.716
150900 294.792
151000 299.187
151100 303.888
151200 303.462
151300 308.203
151400 299.38
151500 304.945
151600 297.915
151700 306.463
151800 294.462
151900 279.011
152000 289.294
152100 290.54
152200 291.898
152300 295.233
152400 292.399
152500 294.093
152600 304.035
152700 298.744
152800 300.169
152900 295.367
153000 292.522
153100 289.69
153200 298.924
153300 294.523
153400 299.469
153500 308.567
153600 311.864
153700 300.9
153800 301.932
153900 302.988
154000 304.229
154100 296.723
154200 289.213
154300 299.479
154400 308.292
154500 316.385
154600 310.413
154700 297.031
154800 300.159
154900 313.008
155000 308.979
155100 331.967
155200 321.41
155300 320.791
155400 309.793
155500 313.591
155600 319.333
155700 329.557
155800 301.609
155900 312.797
156000 304.488
156100 299.163
156200 309.605
156300 315.732
156400 300.107
156500 304.574
156600 308.741
156700 308.958
156800 304.714
156900 307.631
157000 294.29
157100 287.513
157200 296.763
157300 296.665
157400 298.545
157500 294.874
157600 301.69
157700 302.251
157800 302.374
157900 305.772
158000 297.521
158100 301.362
158200 305.564
158300 305.921
158400 298.351
158500 303.259
158600 306.835
158700 304.562
158800 295.921
158900 286.928
159000 291.31
159100 303.208
159200 295.433
159300 305.778
159400 303.228
159500 293.374
159600 308.458
159700 311.4
159800 303.471
159900 316.343
160000 309.79
160100 303.113
160200 302.24
160300 317.09
160400 298.717
160500 297.322
160600 301.673
160700 282.904
160800 278.434
160900 278.639
161000 265.038
161100 258.821
161200 275.242
161300 275.153
161400 272.253
161500 282.503
161600 287.404
161700 288.837
161800 291.71
161900 285.208
162000 294.779
162100 288.403
162200 303.752
162300 291.798
162400 288.241
162500 299.311
162600 292.252
162700 308.878
162800 296.264
162900 299.855
163000 305.638
163100 322.126
163200 320.183
163300 313.112
163400 316.329
163500 315.678
163600 307.113
163700 313.421
163800 322.799
163900 307.286
164000 310.148
164100 305.141
164200 312.653
164300 297.124
164400 285.523
164500 284.344
164600 282.237
164700 277.794
164800 278.581
164900 292.719
165000 289.632
165100 292.53
165200 293.873
165300 304.692
165400 304.297
165500 305.723
165600 317.855
165700 297.7
165800 294.011
165900 311.132
166000 313.986
166100 302.345
166200 304.653
166300 302.836
166400 304.397
166500 314.903
166600 296.321
166700 296.241
166800 316.703
166900 321.953
167000 316.354
167100 316.835
167200 307.304
167300 307.694
167400 317.847
167500 311.041
167600 303.982
167700 295.672
167800 301.263
167900 306.718
168000 303.701
168100 304.844
168200 299.893
168300 300.007
168400 304.539
168500 308.057
168600 306.861
168700 312.391
168800 311.115
168900 307.938
169000 312.479
169100 321.518
169200 322.391
169300 302.266
169400 320.801
169500 310.732
169600 317.478
169700 298.727
169800 307.71
169900 300.722
170000 296.897
170100 291.65
170200 299.36
170300 291.5
170400 299.658
170500 285.026
170600 291.522
170700 289.619
170800 285.328
170900 289.508
171000 294.134
171100 285.458
171200 285.779
171300 298.988
171400 290.538
171500 293.74
171600 294.369
171700 295.155
171800 290.76
171900 302.371
172000 295.454
172100 290.93
172200 295.128
172300 314.648
172400 296.957
172500 307.592
172600 310.341
172700 314.77
172800 321.232
172900 313.974
173000 312.999
173100 325.209
173200 308.972
173300 304.75
173400 312.635
173500 318.629
173600 314.549
173700 332.343
173800 323.894
173900 316.366
174000 305.15
174100 319.43
174200 309.46
174300 310.45
174400 301.997
174500 293.027
174600 297.054
174700 284.135
174800 295.176
174900 282.827
175000 286.147
175100 287.16
175200 281.699
175300 284.069
175400 290.564
175500 293.869
175600 300.995
175700 302.361
175800 309.6
175900 304.64
176000 310.035
176100 306.456
176200 326.19
176300 329.167
176400 316.1
176500 308.221
176600 306.42
176700 325.453
176800 322.859
176900 328.183
177000 313.405
177100 308.703
177200 299.43
177300 299.151
177400 284.063
177500 281.29
177600 281.788
177700 286.631
177800 289.689
177900 291.73
178000 283.702
178100 296.865
178200 288.148
178300 286.886
178400 292.151
178500 296.726
178600 290.009
178700 299.423
178800 296.067
178900 291.269
179000 313.911
179100 302.796
179200 293.209
179300 292.705
179400 289.853
179500 297.351
179600 293.755
179700 307.409
179800 299.215
179900 303.55
180000 297.584
180100 289.394
180200 290.811
180300 310.895
180400 322.458
180500 319.778
180600 329.687
180700 326.284
180800 313.317
180900 334.456
181000 321.699
181100 320.134
181200 317.074
181300 312.575
181400 310.092
181500 318.754
181600 304.743
181700 316.575
181800 303.777
181900 297.706
182000 302.733
182100 307.493
182200 296.547
182300 306.5
182400 294.959
182500 290.992
182600 287.703
182700 293.003
182800 278.552
182900 269.635
183000 279.682
183100 271.5
183200 278.332
183300 270.668
183400 276.16
183500 278.059
183600 285.514
183700 290.262
183800 303.606
183900 299.891
184000 300.96
184100 300.174
184200 294.002
184300 285.45
184400 305.021
184500 306.014
184600 309.071
184700 317.517
184800 304.185
184900 296.904
185000 313.201
185100 301.044
185200 298.902
185300 294.657
185400 287.815
185500 281.163
185600 278.973
185700 277.325
185800 274.524
185900 280.472
186000 287.714
186100 286.49
186200 278.384
186300 290.791
186400 295.263
186500 296.935
186600 305.607
186700 306.728
186800 305.358
186900 322.194
187000 311.57
187100 318.106
187200 310.252
187300 313.65
187400 318.31
187500 332.127
187600 321.722
187700 330.715
187800 303.406
187900 292.809
188000 324.546
188100 314.465
188200 305.979
188300 303.63
188400 298.896
188500 294.032
