# Time-averaged data for fix myat2
# TimeStep v_myvol
100 72001.9
200 72008.8
300 72013.4
400 72010.5
500 71999
600 71978.6
700 71949.5
800 71911.8
900 71865.6
1000 71812.2
1100 71752.6
1200 71688.9
1300 71624.3
1400 71562.4
1500 71505.1
1600 71453
1700 71406.2
1800 71363.4
1900 71325.3
2000 71291.1
2100 71258.4
2200 71227.4
2300 71198
2400 71169.9
2500 71142.7
2600 71114.6
2700 71085.4
2800 71056.3
2900 71028.2
3000 71000
3100 70971.7
3200 70944
3300 70916.1
3400 70886
3500 70853.3
3600 70820.3
3700 70788
3800 70755.4
3900 70721
4000 70683.3
4100 70641.3
4200 70595
4300 70546.5
4400 70498
4500 70450.1
4600 70403.7
4700 70359.1
4800 70315.6
4900 70271.3
5000 70225.7
5100 70178.2
5200 70127.2
5300 70072.9
5400 70016.6
5500 69958.9
5600 69900.4
5700 69842.5
5800 69784.8
5900 69728.3
6000 69673.8
6100 69622.2
6200 69574
6300 69527.7
6400 69480
6500 69427.7
6600 69370
6700 69307.6
6800 69241.6
6900 69173.5
7000 69103.6
7100 69030.8
7200 68953.7
7300 68870.8
7400 68782.2
7500 68690.4
7600 68596.4
7700 68501.7
7800 68407.2
7900 68310.7
8000 68209.7
8100 68103.8
8200 67995.7
8300 67886.1
8400 67774.8
8500 67662.8
8600 67551.6
8700 67441.3
8800 67330.5
8900 67218.7
9000 67106.4
9100 66994.3
9200 66882.7
9300 66772.3
9400 66663.8
9500 66557.6
9600 66454
9700 66353.6
9800 66257.4
9900 66164.5
10000 66073.1
10100 65981.9
10200 65892.3
10300 65805.6
10400 65722
10500 65641.1
10600 65560.9
10700 65479.3
10800 65395.8
10900 65310.4
11000 65221.6
11100 65128.2
11200 65031.2
11300 64931.8
11400 64833.2
11500 64737.1
11600 64642.1
11700 64544.6
11800 64442.6
11900 64336.4
12000 64227.4
12100 64115.3
12200 64000.9
12300 63884.3
12400 63767.2
12500 63651
12600 63536.1
12700 63424.2
12800 63317.6
12900 63215.1
13000 63114.8
13100 63016.9
13200 62920.9
13300 62825.4
13400 62730.1
13500 62634
13600 62536.5
13700 62436.3
13800 62332.9
13900 62226
14000 62116.1
14100 62005.7
14200 61896.9
14300 61790.1
14400 61684.8
14500 61582.8
14600 61487
14700 61399.1
14800 61317.9
14900 61242.3
15000 61172.5
15100 61107.1
15200 61044.2
15300 60982.8
15400 60921.6
15500 60860.2
15600 60800.2
15700 60742.8
15800 60687.5
15900 60631.4
16000 60572.4
16100 60510.9
16200 60447.6
16300 60382.4
16400 60315
16500 60244.1
16600 60169.5
16700 60091
16800 60008.6
16900 59922.6
17000 59834.2
17100 59745.2
17200 59657.3
17300 59571.3
17400 59488.1
17500 59408
17600 59330
17700 59253.1
17800 59176.4
17900 59099.3
18000 59021.5
18100 58945.4
18200 58874.3
18300 58811.6
18400 58758.6
18500 58715.3
18600 58679.1
18700 58647
18800 58616.8
18900 58587.4
19000 58556.3
19100 58524.2
19200 58493.3
19300 58462.8
19400 58430
19500 58394
19600 58355.7
19700 58314.2
19800 58267.9
19900 58216.3
20000 58160.8
20100 58103.9
20200 58046.7
20300 57989.7
20400 57935.3
20500 57886.9
20600 57846
20700 57811.7
20800 57783
20900 57759.2
21000 57739.7
21100 57723.9
21200 57709.7
21300 57695.2
21400 57678.8
21500 57660
21600 57640.7
21700 57622.3
21800 57604.4
21900 57586.1
22000 57566.1
22100 57543.4
22200 57516.8
22300 57485.2
22400 57447.2
22500 57402.8
22600 57354.3
22700 57303.9
22800 57251.4
22900 57195.4
23000 57134.8
23100 57069
23200 56999.2
23300 56926
23400 56851.1
23500 56776.5
23600 56703.1
23700 56631.5
23800 56563.5
23900 56498.7
24000 56435.4
24100 56373.2
24200 56313.4
24300 56256.1
24400 56200.2
24500 56145
24600 56088.3
24700 56028.5
24800 55964.8
24900 55897
25000 55825.1
25100 55748.5
25200 55666.9
25300 55580.8
25400 55491.7
25500 55401.7
25600 55312.3
25700 55224.7
25800 55140.4
25900 55059
26000 54978.8
26100 54899.5
26200 54822
26300 54746
26400 54670.1
26500 54594.5
26600 54519.3
26700 54444
26800 54367.6
26900 54289.3
27000 54210.1
27100 54130.8
27200 54052.3
27300 53973.1
27400 53891.9
27500 53809.8
27600 53728.4
27700 53647.6
27800 53567.1
27900 53487.7
28000 53410.1
28100 53333.3
28200 53257.5
28300 53183.6
28400 53111.6
28500 53041.9
28600 52974.9
28700 52912.2
28800 52853.9
28900 52799.2
29000 52748.3
29100 52699.5
29200 52650.7
29300 52599.8
29400 52544.5
29500 52482.2
29600 52412.5
29700 52337.1
29800 52258.6
29900 52180.8
30000 52106.5
30100 52036.2
30200 51969.4
30300 51906.1
30400 51846.4
30500 51789.8
30600 51736
30700 51685.7
30800 51637.8
30900 51590.3
31000 51542.6
31100 51495
31200 51446.2
31300 51395.4
31400 51344.2
31500 51294.9
31600 51248.3
31700 51203.5
31800 51160.8
31900 51121.4
32000 51086.3
32100 51055.7
32200 51027.6
32300 51000.6
32400 50974.4
32500 50950.3
32600 50930.1
32700 50913.5
32800 50898.3
32900 50880.6
33000 50858.3
33100 50831.2
33200 50800
33300 50767.1
33400 50733.9
33500 50700
33600 50665.7
33700 50631.1
33800 50598.5
33900 50569.1
34000 50543.2
34100 50520
34200 50498.5
34300 50476.5
34400 50451.3
34500 50422.5
34600 50391
34700 50357.9
34800 50324
34900 50289.9
35000 50256.5
35100 50223.9
35200 50191.9
35300 50158.7
35400 50121.5
35500 50079.1
35600 50032.4
35700 49981.9
35800 49928.8
35900 49875.6
36000 49825
36100 49778.8
36200 49738
36300 49702.7
36400 49672.8
36500 49646.5
36600 49622.6
36700 49599.9
36800 49576.7
36900 49551.9
37000 49524.6
37100 49492.9
37200 49456.7
37300 49417.2
37400 49374.7
37500 49328.4
37600 49277.6
37700 49222.7
37800 49164.9
37900 49105.6
38000 49046
38100 48987.2
38200 48928.9
38300 48869.8
38400 48809.4
38500 48749.3
38600 48691.1
38700 48636.5
38800 48586.2
38900 48540.1
39000 48497.1
39100 48455.4
39200 48415.3
39300 48376.3
39400 48337.4
39500 48296.6
39600 48251.5
39700 48201.3
39800 48145.7
39900 48084.3
40000 48017.9
40100 47949.2
40200 47882.8
40300 47822.3
40400 47768.7
40500 47721.8
40600 47680.1
40700 47641.1
40800 47602.6
40900 47563
41000 47521.5
41100 47479.3
41200 47436.2
41300 47391.3
41400 47344.8
41500 47295.9
41600 47244.8
41700 47192.2
41800 47139.5
41900 47088.7
42000 47041.8
42100 47000
42200 46962.6
42300 46928
42400 46893.4
42500 46858.3
42600 46823.5
42700 46788
42800 46751.2
42900 46712.7
43000 46671.9
43100 46628.1
43200 46581
43300 46532.2
43400 46483.7
43500 46436.1
43600 46389.5
43700 46343.5
43800 46297.4
43900 46251.7
44000 46206.8
44100 46162.6
44200 46117.5
44300 46070.3
44400 46020.6
44500 45968.9
44600 45916.4
44700 45863.9
44800 45812.1
44900 45762.1
45000 45714.7
45100 45670.5
45200 45628.3
45300 45586
45400 45541.7
45500 45493.7
45600 45442
45700 45388.1
45800 45333
45900 45277.5
46000 45223.1
46100 45170.1
46200 45118.7
46300 45069.3
46400 45022.6
46500 44979.4
46600 44939.3
46700 44900.1
46800 44860.2
46900 44819
47000 44775.7
47100 44728.3
47200 44677.5
47300 44626.3
47400 44575.3
47500 44523.2
47600 44469
47700 44412.8
47800 44354.9
47900 44294.9
48000 44231.4
48100 44163.9
48200 44094.3
48300 44023.9
48400 43953.2
48500 43882.1
48600 43812.2
48700 43745.1
48800 43681.9
48900 43622.4
49000 43565.5
49100 43508.8
49200 43450.3
49300 43388.8
49400 43323.2
49500 43253.6
49600 43181
49700 43106.7
49800 43032.1
49900 42957.7
50000 42884.1
50100 42811.4
50200 42738.4
50300 42664.3
50400 42589.6
50500 42515.3
50600 42441.4
50700 42366.9
50800 42292
50900 42217
51000 42141.4
51100 42065.5
51200 41990.9
51300 41918
51400 41845.9
51500 41775.4
51600 41707.8
51700 41644.7
51800 41586.6
51900 41533.2
52000 41484.4
52100 41441.2
52200 41402.7
52300 41366.8
52400 41333.2
52500 41300.1
52600 41264.4
52700 41225.2
52800 41181.8
52900 41133.8
53000 41081.4
53100 41025.2
53200 40967.4
53300 40909.1
53400 40849.3
53500 40786.2
53600 40719.6
53700 40651.1
53800 40582.6
53900 40515.9
54000 40452.3
54100 40392.3
54200 40335.5
54300 40281.9
54400 40232.3
54500 40186.9
54600 40144.5
54700 40104.1
54800 40065.6
54900 40028.5
55000 39992
55100 39954.5
55200 39914.7
55300 39872.4
55400 39827
55500 39778.8
55600 39728.9
55700 39679.1
55800 39629.3
55900 39579.3
56000 39529.6
56100 39479.7
56200 39430.1
56300 39381.5
56400 39333.9
56500 39286.8
56600 39239.7
56700 39194.4
56800 39152.2
56900 39112.1
57000 39073.3
57100 39036.1
57200 39001.1
57300 38968.1
57400 38936.7
57500 38905.7
57600 38874.4
57700 38843.5
57800 38814.3
57900 38786.4
58000 38758.4
58100 38729.6
58200 38701
58300 38674
58400 38647.5
58500 38620.7
58600 38592.1
58700 38561.3
58800 38528.5
58900 38495.4
59000 38463.6
59100 38433.4
59200 38405.2
59300 38380.1
59400 38359.1
59500 38342.1
59600 38328.6
59700 38318.2
59800 38311
59900 38306.4
60000 38303.3
60100 38300.9
60200 38297.8
60300 38292.1
60400 38283.6
60500 38272.7
60600 38258.9
60700 38241.6
60800 38221.2
60900 38198.8
61000 38175
61100 38148.9
61200 38121
61300 38093.1
61400 38066.6
61500 38042
61600 38018.5
61700 37995.7
61800 37974.2
61900 37954.6
62000 37937.8
62100 37923.6
62200 37911.3
62300 37900.2
62400 37890.6
62500 37883.4
62600 37878.7
62700 37875.6
62800 37872.7
62900 37869.6
63000 37865.4
63100 37860.1
63200 37854.8
63300 37849.6
63400 37844.9
63500 37841.4
63600 37840.3
63700 37842.2
63800 37845.9
63900 37849.5
64000 37852.2
64100 37853.9
64200 37853.2
64300 37849.2
64400 37841.8
64500 37830.9
64600 37815.9
64700 37796.4
64800 37773.1
64900 37746.6
65000 37716.6
65100 37683.1
65200 37647.9
65300 37612.5
65400 37576.9
65500 37541.6
65600 37507.6
65700 37475.9
65800 37447
65900 37420.6
66000 37395.1
66100 37369
66200 37340.3
66300 37307.4
66400 37271.5
66500 37234.3
66600 37195.9
66700 37155.9
66800 37114.7
66900 37073.1
67000 37032.1
67100 36993.4
67200 36957.6
67300 36924.9
67400 36895.3
67500 36868.1
67600 36841.3
67700 36813.2
67800 36784.2
67900 36753.7
68000 36721
68100 36687.5
68200 36654.3
68300 36621.5
68400 36589.6
68500 36558.5
68600 36527.3
68700 36495
68800 36461.9
68900 36427.4
69000 36390
69100 36349
69200 36304.1
69300 36254.7
69400 36200.8
69500 36142.7
69600 36080.1
69700 36014.2
69800 35947.3
69900 35881.1
70000 35817.3
70100 35757.7
70200 35704
70300 35656.4
70400 35613.7
70500 35575.5
70600 35541.4
70700 35510
70800 35480
70900 35450.4
71000 35421
71100 35390.7
71200 35358.4
71300 35323.4
71400 35284.9
71500 35242.6
71600 35196.5
71700 35147.5
71800 35096.3
71900 35043.2
72000 34988.2
72100 34931.7
72200 34874.3
72300 34816.6
72400 34758.6
72500 34699.4
72600 34637.9
72700 34574.7
72800 34510.7
72900 34445.7
73000 34379
73100 34310.2
73200 34239.8
73300 34169.1
73400 34098.9
73500 34029.4
73600 33961.7
73700 33896.6
73800 33833.9
73900 33772.9
74000 33714.3
74100 33658.1
74200 33603.5
74300 33551.1
74400 33501.4
74500 33454.2
74600 33408.7
74700 33365.5
74800 33325.1
74900 33287.6
75000 33252.5
75100 33218.3
75200 33184.9
75300 33152.3
75400 33121.1
75500 33091.6
75600 33064.5
75700 33040.2
75800 33018.1
75900 32997.9
76000 32979.6
76100 32963.3
76200 32948.4
76300 32933.7
76400 32918.2
76500 32901.7
76600 32884.1
76700 32865
76800 32843.4
76900 32820
77000 32796
77100 32772.5
77200 32749.5
77300 32726.5
77400 32702.4
77500 32676.9
77600 32651.7
77700 32627.9
77800 32605.1
77900 32582.8
78000 32561
78100 32540.2
78200 32520.8
78300 32502.7
78400 32485.7
78500 32469.2
78600 32452.5
78700 32435.7
78800 32417.9
78900 32398.6
79000 32378.2
79100 32357.8
79200 32336.7
79300 32313.4
79400 32287.6
79500 32260.5
79600 32233.1
79700 32205.9
79800 32178.9
79900 32152.1
80000 32125.5
80100 32099.1
80200 32073.5
80300 32049.4
80400 32026.6
80500 32005.1
80600 31984.7
80700 31963.7
80800 31941.5
80900 31917.7
81000 31893.1
81100 31867.5
81200 31840.5
81300 31812.9
81400 31785.5
81500 31759.2
81600 31734.7
81700 31711.8
81800 31690
81900 31668.8
82000 31647.8
82100 31627.3
82200 31607.7
82300 31588.7
82400 31569.7
82500 31550.5
82600 31531.3
82700 31511.4
82800 31489.7
82900 31464.7
83000 31436.5
83100 31404.4
83200 31367.4
83300 31326.5
83400 31283.5
83500 31239.1
83600 31194.3
83700 31150.8
83800 31109.7
83900 31070.9
84000 31034.8
84100 31002
84200 30972.9
84300 30947.5
84400 30926.2
84500 30908.8
84600 30894.2
84700 30880.5
84800 30866.4
84900 30851.3
85000 30834.1
85100 30814.1
85200 30790.7
85300 30763.5
85400 30732.2
85500 30696.8
85600 30657.7
85700 30615.4
85800 30571.1
85900 30525.4
86000 30479.7
86100 30435.9
86200 30395.3
86300 30357.3
86400 30321.4
86500 30287.9
86600 30256.2
86700 30225.5
86800 30195.8
86900 30167.1
87000 30138.3
87100 30109.3
87200 30080.2
87300 30050.9
87400 30021
87500 29990.6
87600 29960.1
87700 29929.2
87800 29898
87900 29867.3
88000 29836.5
88100 29804.7
88200 29770.9
88300 29735.8
88400 29700.3
88500 29665.1
88600 29630.7
88700 29597.8
88800 29565.5
88900 29533.4
89000 29501.5
89100 29470.8
89200 29441.4
89300 29412.5
89400 29384.3
89500 29357.8
89600 29334
89700 29312.3
89800 29292.9
89900 29275.6
90000 29259.8
90100 29244.3
90200 29228.6
90300 29212.8
90400 29196.9
90500 29180.2
90600 29162.4
90700 29143.6
90800 29124.2
90900 29105.2
91000 29086.8
91100 29068.7
91200 29050.1
91300 29030.3
91400 29008.3
91500 28983.9
91600 28957.4
91700 28929.9
91800 28902.4
91900 28875.6
92000 28849.8
92100 28825.3
92200 28803.1
92300 28783.4
92400 28766
92500 28751.3
92600 28740.1
92700 28732.8
92800 28728.5
92900 28725.9
93000 28724.5
93100 28723.6
93200 28723.2
93300 28723.9
93400 28726
93500 28727.9
93600 28728.2
93700 28727.4
93800 28725.9
93900 28723.9
94000 28720.9
94100 28717.1
94200 28713.1
94300 28709
94400 28704.1
94500 28697.7
94600 28689.8
94700 28680.8
94800 28671.6
94900 28663.5
95000 28656.6
95100 28650.2
95200 28643.5
95300 28636.3
95400 28630
95500 28624
95600 28617.4
95700 28609.7
95800 28600.9
95900 28590
96000 28576.7
96100 28562.2
96200 28547.3
96300 28532.2
96400 28517.2
96500 28503.6
96600 28492.5
96700 28483.6
96800 28476.1
96900 28469.2
97000 28462.6
97100 28455.7
97200 28448.3
97300 28439.9
97400 28430.6
97500 28420.8
97600 28411.6
97700 28403
97800 28395.5
97900 28388.5
98000 28381.9
98100 28375.5
98200 28368.5
98300 28360.8
98400 28352.1
98500 28342.2
98600 28331
98700 28317.9
98800 28302.2
98900 28283.3
99000 28261.5
99100 28238.2
99200 28213.5
99300 28187
99400 28159.2
99500 28130.4
99600 28100.5
99700 28068.8
99800 28035.5
99900 28001.2
100000 27966.1
100100 27930.5
100200 27895
100300 27859.4
100400 27823.6
100500 27787
100600 27749.5
100700 27711.8
100800 27674.8
100900 27638.8
101000 27604.5
101100 27572.7
101200 27543.9
101300 27517.8
101400 27493.4
101500 27469.1
101600 27444.3
101700 27418.3
101800 27391.5
101900 27364.9
102000 27338.8
102100 27313.3
102200 27289.5
102300 27268.3
102400 27249.7
102500 27233.2
102600 27218.5
102700 27205.1
102800 27192.1
102900 27178.5
103000 27163.1
103100 27144.9
103200 27123.6
103300 27099.3
103400 27072.1
103500 27042.8
103600 27011.6
103700 26977.9
103800 26941.9
103900 26904.1
104000 26865.4
104100 26826.4
104200 26787.9
104300 26750.4
104400 26713.6
104500 26677.1
104600 26640.9
104700 26605
104800 26569.3
104900 26534.3
105000 26499.5
105100 26464.9
105200 26430.2
105300 26395.2
105400 26359.5
105500 26322.9
105600 26286.6
105700 26250.9
105800 26215.7
105900 26181.7
106000 26149.4
106100 26118.4
106200 26088.1
106300 26058.5
106400 26029.1
106500 26000.3
106600 25972.2
106700 25944.6
106800 25917.6
106900 25891
107000 25865.1
107100 25840
107200 25814.3
107300 25786.8
107400 25757.6
107500 25727.4
107600 25696.4
107700 25664.3
107800 25631.1
107900 25596.6
108000 25560.7
108100 25523.6
108200 25486.4
108300 25449.9
108400 25414.8
108500 25380.6
108600 25347.1
108700 25314.1
108800 25281.6
108900 25249.1
109000 25216.3
109100 25182.6
109200 25147.3
109300 25110
109400 25071
109500 25030.8
109600 24989.2
109700 24946.8
109800 24903.3
109900 24858
110000 24810.4
110100 24761.3
110200 24712.3
110300 24664.2
110400 24616.9
110500 24571.3
110600 24527.4
110700 24485.7
110800 24447
110900 24412.3
111000 24381.4
111100 24354.1
111200 24329.4
111300 24307
111400 24285.8
111500 24265.6
111600 24246.4
111700 24228.2
111800 24211
111900 24194.8
112000 24178.9
112100 24162.7
112200 24146.7
112300 24131.1
112400 24116
112500 24101.6
112600 24089
112700 24078.5
112800 24069.2
112900 24059.7
113000 24049.9
113100 24040.5
113200 24031.6
113300 24023
113400 24014.3
113500 24004.6
113600 23993.4
113700 23980.9
113800 23966.3
113900 23948.2
114000 23926.3
114100 23901.6
114200 23874.7
114300 23845.9
114400 23815.3
114500 23783.4
114600 23751.4
114700 23720.7
114800 23692.6
114900 23668
115000 23647.1
115100 23629.2
115200 23613.9
115300 23600.6
115400 23588.6
115500 23577.7
115600 23567.2
115700 23555.8
115800 23542.6
115900 23526.8
116000 23508.2
116100 23487.2
116200 23464.7
116300 23440.6
116400 23414.8
116500 23387.9
116600 23360.1
116700 23332
116800 23304.1
116900 23276.5
117000 23249.3
117100 23222
117200 23194.6
117300 23167.8
117400 23141.6
117500 23114.8
117600 23086.6
117700 23057.3
117800 23027.3
117900 22996.4
118000 22964.4
118100 22930.6
118200 22894.4
118300 22856.8
118400 22818.7
118500 22779.7
118600 22739.9
118700 22700.1
118800 22660.8
118900 22621.7
119000 22582.8
119100 22544.4
119200 22507.3
119300 22471.8
119400 22437.7
119500 22405.7
119600 22376.1
119700 22349.1
119800 22324.8
119900 22304.1
120000 22288.3
120100 22277.2
120200 22269.9
120300 22265.6
120400 22264
120500 22264
120600 22264.9
120700 22266.4
120800 22268
120900 22269.4
121000 22270.5
121100 22270.9
121200 22270.2
121300 22267.2
121400 22262.1
121500 22254.9
121600 22245.9
121700 22236.1
121800 22225.8
121900 22215.5
122000 22204.6
122100 22191.9
122200 22176.6
122300 22158.5
122400 22138.3
122500 22117.4
122600 22097.1
122700 22077.5
122800 22057.3
122900 22035.8
123000 22013.4
123100 21990.5
123200 21967.1
123300 21942.8
123400 21917.4
123500 21891.2
123600 21864
123700 21836
123800 21807.6
123900 21779
124000 21750.1
124100 21721.3
124200 21692.8
124300 21664.2
124400 21635.3
124500 21606.4
124600 21578.1
124700 21550.2
124800 21522.5
124900 21495
125000 21467
125100 21438.8
125200 21411.1
125300 21384.8
125400 21359.9
125500 21336
125600 21312.5
125700 21289
125800 21265.8
125900 21243.1
126000 21221
126100 21199.1
126200 21176.8
126300 21153.7
126400 21129.6
126500 21104
126600 21076.2
126700 21045.8
126800 21012.8
126900 20977
127000 20938.8
127100 20898.2
127200 20855.2
127300 20810.8
127400 20766.4
127500 20723.3
127600 20682.6
127700 20644.1
127800 20607.1
127900 20571.3
128000 20536.9
128100 20503.6
128200 20470.8
128300 20438.4
128400 20406.7
128500 20375.1
128600 20343.1
128700 20310.7
128800 20279.1
128900 20248.7
129000 20219.7
129100 20192.5
129200 20167.3
129300 20143.6
129400 20121.6
129500 20101.2
129600 20081.8
129700 20063
129800 20044.5
129900 20026.4
130000 20008.5
130100 19990.6
130200 19973.7
130300 19958.3
130400 19944.1
130500 19930.8
130600 19918.5
130700 19907.2
130800 19896.3
130900 19885
131000 19872.8
131100 19859.8
131200 19845.7
131300 19830.8
131400 19815.2
131500 19798.5
131600 19780.7
131700 19762
131800 19742.4
131900 19721.8
132000 19700.3
132100 19678.1
132200 19655.4
132300 19632.5
132400 19609.5
132500 19587.2
132600 19565.9
132700 19545.1
132800 19524.5
132900 19504.4
133000 19485.6
133100 19469.3
133200 19455.6
133300 19444.3
133400 19435
133500 19426.8
133600 19418.7
133700 19409.7
133800 19399.2
133900 19387.1
134000 19373
134100 19356.5
134200 19337.3
134300 19315.3
134400 19290.6
134500 19263.6
134600 19234.4
134700 19203.4
134800 19170.5
134900 19135.5
135000 19099
135100 19062
135200 19025.4
135300 18989.7
135400 18955.3
135500 18922
135600 18889.9
135700 18859.8
135800 18831.7
135900 18805.9
136000 18782.1
136100 18759.9
136200 18739.7
136300 18721.7
136400 18705.8
136500 18691.4
136600 18677.7
136700 18664.1
136800 18651
136900 18638.5
137000 18627.1
137100 18616.5
137200 18606.8
137300 18598
137400 18590.4
137500 18584.1
137600 18578.3
137700 18572.2
137800 18565.4
137900 18558.4
138000 18551
138100 18542.5
138200 18532.2
138300 18519.4
138400 18503.9
138500 18486.3
138600 18467.1
138700 18446.8
138800 18425.3
138900 18402.9
139000 18380.1
139100 18357.1
139200 18333.6
139300 18309.7
139400 18285.7
139500 18261.6
139600 18237.4
139700 18213.2
139800 18189.5
139900 18166.2
140000 18142.2
140100 18116.7
140200 18090.3
140300 18064
140400 18038
140500 18012.2
140600 17986.4
140700 17961.5
140800 17938.1
140900 17916.4
141000 17896
141100 17876.5
141200 17857.5
141300 17838.7
141400 17820.3
141500 17803
141600 17787.1
141700 17772.7
141800 17759.7
141900 17748.1
142000 17737.6
142100 17727.7
142200 17718.1
142300 17708.7
142400 17699.1
142500 17688.9
142600 17677.5
142700 17664.3
142800 17649.4
142900 17633.2
143000 17616
143100 17597.5
143200 17576.7
143300 17553.6
143400 17529
143500 17503.2
143600 17476.2
143700 17448.4
143800 17419.9
143900 17390.7
144000 17360.6
144100 17330.4
144200 17301.3
144300 17274.7
144400 17250.5
144500 17228
144600 17206.7
144700 17186.4
144800 17167.3
144900 17148.8
145000 17130.4
145100 17112.5
145200 17094.8
145300 17076.8
145400 17057.1
145500 17035.7
145600 17012.9
145700 16988.5
145800 16962.6
145900 16935.3
146000 16907
146100 16878.2
146200 16849
146300 16819.7
146400 16790.7
146500 16762
146600 16733.5
146700 16705.4
146800 16677.6
146900 16649.9
147000 16622
147100 16594.3
147200 16566.7
147300 16539.1
147400 16511.2
147500 16482.2
147600 16452.1
147700 16421
147800 16389.4
147900 16357.2
148000 16325.1
148100 16293.5
148200 16262.8
148300 16232.8
148400 16203.1
148500 16173.6
148600 16144.5
148700 16115.4
148800 16086.4
148900 16058.1
149000 16030.8
149100 16004.5
149200 15978.8
149300 15953
149400 15926.5
149500 15899.2
149600 15871.2
149700 15843
149800 15814.9
149900 15787
150000 15758.6
150100 15729.2
150200 15699
150300 15667.9
150400 15635.8
150500 15602.8
150600 15568.8
150700 15533.8
150800 15498.6
150900 15463.9
151000 15430.6
151100 15399
151200 15369.9
151300 15343.3
151400 15319.3
151500 15297.8
151600 15278.9
151700 15261.9
151800 15246.3
151900 15231.9
152000 15218.6
152100 15205.6
152200 15192.6
152300 15179.2
152400 15165.2
152500 15150.6
152600 15135.2
152700 15118.9
152800 15101.3
152900 15082.6
153000 15062.8
153100 15042.4
153200 15022
153300 15001.5
153400 14980.8
153500 14959.6
153600 14937.7
153700 14914.8
153800 14891
153900 14866.1
154000 14840.2
154100 14813.3
154200 14785.4
154300 14756.5
154400 14725.9
154500 14693.3
154600 14658.8
154700 14623
154800 14587.1
154900 14551.3
155000 14515.2
155100 14478.5
155200 14440.6
155300 14401.6
155400 14362.2
155500 14323.1
155600 14284.5
155700 14246.2
155800 14208.4
155900 14171.7
156000 14136.4
156100 14102.8
156200 14070.7
156300 14039.7
156400 14009.5
156500 13979.9
156600 13951.3
156700 13923.4
156800 13896.1
156900 13869.2
157000 13842.4
157100 13815.9
157200 13790.1
157300 13764.9
157400 13740
157500 13715.5
157600 13691.7
157700 13668.7
157800 13646.5
157900 13625.5
158000 13605.5
158100 13586.1
158200 13566.5
158300 13546.5
158400 13525.6
158500 13503.7
158600 13480.9
158700 13457.3
158800 13433.4
158900 13409.8
159000 13386.8
159100 13364.4
159200 13342.3
159300 13320.5
159400 13299.2
159500 13278.6
159600 13258.8
159700 13239.6
159800 13221.3
159900 13203.9
160000 13187.1
160100 13170.7
160200 13154.7
160300 13138.9
160400 13122.5
160500 13105.4
160600 13087.3
160700 13068.1
160800 13047.9
160900 13026.8
161000 13005.2
161100 12983.3
161200 12961
161300 12937.8
161400 12913.7
161500 12889.3
161600 12865.2
161700 12841.5
161800 12818.1
161900 12794.9
162000 12771.8
162100 12748.7
162200 12725.4
162300 12701.6
162400 12677.6
162500 12653.8
162600 12629.9
162700 12605.7
162800 12581.1
162900 12557
163000 12534.1
163100 12512.4
163200 12492
163300 12473.4
163400 12457.4
163500 12444.3
163600 12433.9
163700 12426
163800 12420
163900 12414.8
164000 12410.3
164100 12405.9
164200 12401.5
164300 12396.3
164400 12390.3
164500 12383.7
164600 12376.4
164700 12368.4
164800 12359.4
164900 12349
165000 12336.9
165100 12323.1
165200 12307.8
165300 12291.5
165400 12274.6
165500 12257.6
165600 12240.3
165700 12222.7
165800 12205.4
165900 12188.9
166000 12172.9
166100 12157.4
166200 12142.5
166300 12128.1
166400 12114.2
166500 12100.6
166600 12087.1
166700 12073.9
166800 12061
166900 12048.1
167000 12035.1
167100 12022.5
167200 12010.2
167300 11998.5
167400 11987.4
167500 11976.6
167600 11966
167700 11955.6
167800 11945.5
167900 11935.7
168000 11926.1
168100 11916.7
168200 11907.9
168300 11899.4
168400 11890.9
168500 11882
168600 11872.5
168700 11862.4
168800 11851.8
168900 11841.2
169000 11830.9
169100 11821.2
169200 11812.2
169300 11804.4
169400 11798.3
169500 11793.7
169600 11790.4
169700 11788.5
169800 11788.5
169900 11790
170000 11792.7
170100 11796.3
170200 11800.1
170300 11803.7
170400 11806.8
170500 11809.1
170600 11810.4
170700 11810.4
170800 11809.1
170900 11806.8
171000 11803.1
171100 11797.6
171200 11790.3
171300 11781.3
171400 11770.7
171500 11758.8
171600 11745.8
171700 11731.6
171800 11716.3
171900 11699.7
172000 11681.9
172100 11663
172200 11643.3
172300 11622.9
172400 11602.1
172500 11581
172600 11559.5
172700 11537.6
172800 11515.9
172900 11494.4
173000 11473.5
173100 11452.9
173200 11432.6
173300 11412.9
173400 11394.1
173500 11376.3
173600 11359
173700 11341.8
173800 11324.3
173900 11306.5
174000 11288.6
174100 11270.6
174200 11251.9
174300 11232.5
174400 11212.5
174500 11191.6
174600 11170.1
174700 11147.5
174800 11123.6
174900 11098.1
175000 11071.5
175100 11043.7
175200 11015.2
175300 10986.5
175400 10958
175500 10929.8
175600 10902
175700 10874.8
175800 10848.1
175900 10822
176000 10796.7
176100 10772.3
176200 10749.2
176300 10727.4
176400 10707.1
176500 10688.8
176600 10672.6
176700 10658.2
176800 10644.6
176900 10631.2
177000 10618.1
177100 10605.5
177200 10593.5
177300 10581.9
177400 10570.5
177500 10559.7
177600 10549.7
177700 10540.3
177800 10531
177900 10521.6
178000 10511.6
178100 10501
178200 10489.7
178300 10477.9
178400 10465.4
178500 10452.2
178600 10438.2
178700 10423.4
178800 10407.5
178900 10390.5
179000 10372.7
179100 10353.8
179200 10334.5
179300 10315.4
179400 10296.5
179500 10277.9
179600 10259.4
179700 10240.6
179800 10221.4
179900 10202.2
180000 10183.5
180100 10166
180200 10150.3
180300 10136.4
180400 10123.9
180500 10112.3
180600 10101.4
180700 10091.4
180800 10082.1
180900 10073.3
181000 10064.7
181100 10056.5
181200 10048.8
181300 10041.4
181400 10034.5
181500 10028
181600 10021.8
181700 10015.8
181800 10009.8
181900 10003.6
182000 9996.74
182100 9988.79
182200 9979.54
182300 9969.01
182400 9956.98
182500 9943.31
182600 9928.04
182700 9911.27
182800 9893.01
182900 9873.5
183000 9853.18
183100 9832.4
183200 9811.37
183300 9790.11
183400 9768.94
183500 9748.17
183600 9727.84
183700 9707.91
183800 9688.42
183900 9669.35
184000 9650.77
184100 9632.67
184200 9615.07
184300 9598.23
184400 9582.2
184500 9566.65
184600 9551.28
184700 9536.18
184800 9521.68
184900 9507.94
185000 9494.9
185100 9482.51
185200 9470.82
185300 9459.61
185400 9448.69
185500 9438.02
185600 9427.37
185700 9416.42
185800 9405.05
185900 9393.17
186000 9380.68
186100 9367.47
186200 9353.53
186300 9339.1
186400 9324.33
186500 9309.37
186600 9294.4
186700 9279.43
186800 9264.41
186900 9249.25
187000 9233.94
187100 9218.95
187200 9204.78
187300 9191.84
187400 9180.23
187500 9169.75
187600 9160
187700 9150.83
187800 9142.2
187900 9134.37
188000 9127.14
188100 9119.72
188200 9111.87
188300 9103.66
188400 9095.2
188500 9086.7
