  1 -24.5 1.67891 0.00104932
  2 -23.5 1.75699 0.00109812
  3 -22.5 1.77143 0.00110714
  4 -21.5 1.69033 0.00105646
  5 -20.5 1.66238 0.00103899
  6 -19.5 1.67653 0.00104783
  7 -18.5 1.71914 0.00107446
  8 -17.5 1.67369 0.00104606
  9 -16.5 1.66509 0.00104068
  10 -15.5 1.76634 0.00110396
  11 -14.5 1.9014 0.00118837
  12 -13.5 1.92806 0.00120504
  13 -12.5 1.79761 0.00112351
  14 -11.5 1.65627 0.00103517
  15 -10.5 1.57754 0.000985962
  16 -9.5 1.61476 0.00100923
  17 -8.5 1.60373 0.00100233
  18 -7.5 1.48071 0.000925444
  19 -6.5 1.22768 0.0007673
  20 -5.5 0.54321 0.000339506
  21 -4.5 0.03969 2.48062e-05
  22 -3.5 0.01135 7.09375e-06
  23 -2.5 0.00708 4.425e-06
  24 -1.5 0.00624 3.9e-06
  25 -0.5 0.00646 4.0375e-06
  26 0.5 0.00289 1.80625e-06
  27 1.5 0.00076 4.75e-07
  28 2.5 0.00141 8.8125e-07
  29 3.5 0.0039 2.4375e-06
  30 4.5 0.02249 1.40562e-05
  31 5.5 0.34601 0.000216256
  32 6.5 0.84978 0.000531112
  33 7.5 1.04255 0.000651594
  34 8.5 1.15889 0.000724306
  35 9.5 1.27866 0.000799163
  36 10.5 1.26398 0.000789987
  37 11.5 1.26537 0.000790856
  38 12.5 1.33441 0.000834006
  39 13.5 1.41299 0.000883119
  40 14.5 1.47548 0.000922175
  41 15.5 1.5239 0.000952438
  42 16.5 1.58188 0.000988675
  43 17.5 1.52163 0.000951019
  44 18.5 1.47469 0.000921681
  45 19.5 1.61597 0.00100998
  46 20.5 1.64641 0.00102901
  47 21.5 1.6608 0.001038
  48 22.5 1.72697 0.00107936
  49 23.5 1.6922 0.00105762
  50 24.5 1.63336 0.00102085
