  1 -24.5 1.6369 0.00102306
  2 -23.5 1.57351 0.000983444
  3 -22.5 1.47902 0.000924387
  4 -21.5 1.46931 0.000918319
  5 -20.5 1.53806 0.000961287
  6 -19.5 1.46288 0.0009143
  7 -18.5 1.42842 0.000892763
  8 -17.5 1.47981 0.000924881
  9 -16.5 1.48207 0.000926294
  10 -15.5 1.57001 0.000981256
  11 -14.5 1.55005 0.000968781
  12 -13.5 1.53357 0.000958481
  13 -12.5 1.58796 0.000992475
  14 -11.5 1.60626 0.00100391
  15 -10.5 1.50598 0.000941237
  16 -9.5 1.4771 0.000923187
  17 -8.5 1.46457 0.000915356
  18 -7.5 1.37359 0.000858494
  19 -6.5 1.04642 0.000654012
  20 -5.5 0.46154 0.000288463
  21 -4.5 0.03079 1.92438e-05
  22 -3.5 0.00798 4.9875e-06
  23 -2.5 0.00606 3.7875e-06
  24 -1.5 0.00015 9.375e-08
  25 -0.5 0 0
  26 0.5 0 0
  27 1.5 0.0001 6.25e-08
  28 2.5 0.00211 1.31875e-06
  29 3.5 0.00607 3.79375e-06
  30 4.5 0.0246 1.5375e-05
  31 5.5 0.44136 0.00027585
  32 6.5 1.07874 0.000674213
  33 7.5 1.31306 0.000820662
  34 8.5 1.47783 0.000923644
  35 9.5 1.6005 0.00100031
  36 10.5 1.61417 0.00100886
  37 11.5 1.68317 0.00105198
  38 12.5 1.71901 0.00107438
  39 13.5 1.69597 0.00105998
  40 14.5 1.62978 0.00101861
  41 15.5 1.72877 0.00108048
  42 16.5 1.67673 0.00104796
  43 17.5 1.6906 0.00105662
  44 18.5 1.59736 0.00099835
  45 19.5 1.63696 0.0010231
  46 20.5 1.68802 0.00105501
  47 21.5 1.74635 0.00109147
  48 22.5 1.77606 0.00111004
  49 23.5 1.74777 0.00109236
  50 24.5 1.6529 0.00103306
