# Chunk-averaged data for fix myac and group all
# Timestep Number-of-chunks Total-count
# Chunk Coord1 Ncount density/number
1000000 50 59.99999999999999
  1 -24.5 1.67891 0.00104932
  2 -23.5 1.75699 0.00109812
  3 -22.5 1.77143 0.00110714
  4 -21.5 1.69033 0.00105646
  5 -20.5 1.66238 0.00103899
  6 -19.5 1.67653 0.00104783
  7 -18.5 1.71914 0.00107446
  8 -17.5 1.67369 0.00104606
  9 -16.5 1.66509 0.00104068
  10 -15.5 1.76634 0.00110396
  11 -14.5 1.9014 0.00118837
  12 -13.5 1.92806 0.00120504
  13 -12.5 1.79761 0.00112351
  14 -11.5 1.65627 0.00103517
  15 -10.5 1.57754 0.000985962
  16 -9.5 1.61476 0.00100923
  17 -8.5 1.60373 0.00100233
  18 -7.5 1.48071 0.000925444
  19 -6.5 1.22768 0.0007673
  20 -5.5 0.54321 0.000339506
  21 -4.5 0.03969 2.48062e-05
  22 -3.5 0.01135 7.09375e-06
  23 -2.5 0.00708 4.425e-06
  24 -1.5 0.00624 3.9e-06
  25 -0.5 0.00646 4.0375e-06
  26 0.5 0.00289 1.80625e-06
  27 1.5 0.00076 4.75e-07
  28 2.5 0.00141 8.8125e-07
  29 3.5 0.0039 2.4375e-06
  30 4.5 0.02249 1.40562e-05
  31 5.5 0.34601 0.000216256
  32 6.5 0.84978 0.000531112
  33 7.5 1.04255 0.000651594
  34 8.5 1.15889 0.000724306
  35 9.5 1.27866 0.000799163
  36 10.5 1.26398 0.000789987
  37 11.5 1.26537 0.000790856
  38 12.5 1.33441 0.000834006
  39 13.5 1.41299 0.000883119
  40 14.5 1.47548 0.000922175
  41 15.5 1.5239 0.000952438
  42 16.5 1.58188 0.000988675
  43 17.5 1.52163 0.000951019
  44 18.5 1.47469 0.000921681
  45 19.5 1.61597 0.00100998
  46 20.5 1.64641 0.00102901
  47 21.5 1.6608 0.001038
  48 22.5 1.72697 0.00107936
  49 23.5 1.6922 0.00105762
  50 24.5 1.63336 0.00102085
2000000 50 60
  1 -24.5 1.60296 0.00100185
  2 -23.5 1.59193 0.000994956
  3 -22.5 1.61696 0.0010106
  4 -21.5 1.61957 0.00101223
  5 -20.5 1.53232 0.0009577
  6 -19.5 1.48243 0.000926519
  7 -18.5 1.48697 0.000929356
  8 -17.5 1.61744 0.0010109
  9 -16.5 1.74352 0.0010897
  10 -15.5 1.63004 0.00101877
  11 -14.5 1.57797 0.000986231
  12 -13.5 1.59359 0.000995994
  13 -12.5 1.59856 0.0009991
  14 -11.5 1.53728 0.0009608
  15 -10.5 1.55572 0.000972325
  16 -9.5 1.56307 0.000976919
  17 -8.5 1.53549 0.000959681
  18 -7.5 1.50034 0.000937712
  19 -6.5 1.14513 0.000715706
  20 -5.5 0.42495 0.000265594
  21 -4.5 0.03774 2.35875e-05
  22 -3.5 0.01384 8.65e-06
  23 -2.5 0.01154 7.2125e-06
  24 -1.5 0.00261 1.63125e-06
  25 -0.5 3e-05 1.875e-08
  26 0.5 0 0
  27 1.5 0 0
  28 2.5 0 0
  29 3.5 0.0038 2.375e-06
  30 4.5 0.03171 1.98188e-05
  31 5.5 0.46568 0.00029105
  32 6.5 1.09964 0.000687275
  33 7.5 1.35108 0.000844425
  34 8.5 1.46785 0.000917406
  35 9.5 1.49507 0.000934419
  36 10.5 1.53428 0.000958925
  37 11.5 1.54388 0.000964925
  38 12.5 1.50995 0.000943719
  39 13.5 1.70346 0.00106466
  40 14.5 1.68652 0.00105408
  41 15.5 1.65468 0.00103418
  42 16.5 1.62777 0.00101736
  43 17.5 1.67495 0.00104684
  44 18.5 1.60693 0.00100433
  45 19.5 1.55433 0.000971456
  46 20.5 1.46575 0.000916094
  47 21.5 1.54651 0.000966569
  48 22.5 1.6191 0.00101194
  49 23.5 1.6443 0.00102769
  50 24.5 1.69076 0.00105672
3000000 50 59.99999999999999
  1 -24.5 1.61115 0.00100697
  2 -23.5 1.61024 0.0010064
  3 -22.5 1.66169 0.00103856
  4 -21.5 1.67477 0.00104673
  5 -20.5 1.53792 0.0009612
  6 -19.5 1.5382 0.000961375
  7 -18.5 1.73189 0.00108243
  8 -17.5 1.87239 0.00117024
  9 -16.5 1.88839 0.00118024
  10 -15.5 1.95293 0.00122058
  11 -14.5 1.93646 0.00121029
  12 -13.5 1.84476 0.00115298
  13 -12.5 1.99283 0.00124552
  14 -11.5 2.04 0.001275
  15 -10.5 1.97736 0.00123585
  16 -9.5 1.878 0.00117375
  17 -8.5 1.65065 0.00103166
  18 -7.5 1.54144 0.0009634
  19 -6.5 1.30529 0.000815806
  20 -5.5 0.57409 0.000358806
  21 -4.5 0.04109 2.56813e-05
  22 -3.5 0.01214 7.5875e-06
  23 -2.5 0.00472 2.95e-06
  24 -1.5 4e-05 2.5e-08
  25 -0.5 0 0
  26 0.5 0 0
  27 1.5 0 0
  28 2.5 0.00025 1.5625e-07
  29 3.5 0.00468 2.925e-06
  30 4.5 0.02373 1.48312e-05
  31 5.5 0.4018 0.000251125
  32 6.5 0.93671 0.000585444
  33 7.5 1.14056 0.00071285
  34 8.5 1.2317 0.000769812
  35 9.5 1.31387 0.000821169
  36 10.5 1.30788 0.000817425
  37 11.5 1.32273 0.000826706
  38 12.5 1.34452 0.000840325
  39 13.5 1.32876 0.000830475
  40 14.5 1.30502 0.000815637
  41 15.5 1.24926 0.000780787
  42 16.5 1.28034 0.000800212
  43 17.5 1.33723 0.000835769
  44 18.5 1.34766 0.000842288
  45 19.5 1.4234 0.000889625
  46 20.5 1.50447 0.000940294
  47 21.5 1.55851 0.000974069
  48 22.5 1.59712 0.0009982
  49 23.5 1.55916 0.000974475
  50 24.5 1.6022 0.00100138
4000000 50 59.99999999999999
  1 -24.5 1.8186 0.00113663
  2 -23.5 1.77416 0.00110885
  3 -22.5 1.71733 0.00107333
  4 -21.5 1.67898 0.00104936
  5 -20.5 1.67056 0.0010441
  6 -19.5 1.70774 0.00106734
  7 -18.5 1.7037 0.00106481
  8 -17.5 1.70833 0.00106771
  9 -16.5 1.7851 0.00111569
  10 -15.5 1.74167 0.00108854
  11 -14.5 1.80808 0.00113005
  12 -13.5 1.76594 0.00110371
  13 -12.5 1.82537 0.00114086
  14 -11.5 1.73547 0.00108467
  15 -10.5 1.60208 0.0010013
  16 -9.5 1.48873 0.000930456
  17 -8.5 1.40391 0.000877444
  18 -7.5 1.33569 0.000834806
  19 -6.5 1.05591 0.000659944
  20 -5.5 0.46812 0.000292575
  21 -4.5 0.02076 1.2975e-05
  22 -3.5 0.00433 2.70625e-06
  23 -2.5 0.00292 1.825e-06
  24 -1.5 0.00159 9.9375e-07
  25 -0.5 0.00649 4.05625e-06
  26 0.5 0.00319 1.99375e-06
  27 1.5 0.00093 5.8125e-07
  28 2.5 0.00352 2.2e-06
  29 3.5 0.00361 2.25625e-06
  30 4.5 0.01716 1.0725e-05
  31 5.5 0.35937 0.000224606
  32 6.5 0.81195 0.000507469
  33 7.5 1.01622 0.000635137
  34 8.5 1.18757 0.000742231
  35 9.5 1.23699 0.000773119
  36 10.5 1.27225 0.000795156
  37 11.5 1.34019 0.000837619
  38 12.5 1.40392 0.00087745
  39 13.5 1.42245 0.000889031
  40 14.5 1.39108 0.000869425
  41 15.5 1.44433 0.000902706
  42 16.5 1.52086 0.000950537
  43 17.5 1.61288 0.00100805
  44 18.5 1.67876 0.00104922
  45 19.5 1.73773 0.00108608
  46 20.5 1.78898 0.00111811
  47 21.5 1.7368 0.0010855
  48 22.5 1.699 0.00106188
  49 23.5 1.70313 0.00106446
  50 24.5 1.77557 0.00110973
5000000 50 60.00000000000001
  1 -24.5 1.62711 0.00101694
  2 -23.5 1.66114 0.00103821
  3 -22.5 1.78346 0.00111466
  4 -21.5 1.78228 0.00111392
  5 -20.5 1.82228 0.00113893
  6 -19.5 1.88811 0.00118007
  7 -18.5 1.91279 0.00119549
  8 -17.5 1.8837 0.00117731
  9 -16.5 1.82094 0.00113809
  10 -15.5 1.72164 0.00107602
  11 -14.5 1.61875 0.00101172
  12 -13.5 1.62183 0.00101364
  13 -12.5 1.57571 0.000984819
  14 -11.5 1.55935 0.000974594
  15 -10.5 1.61307 0.00100817
  16 -9.5 1.61143 0.00100714
  17 -8.5 1.57383 0.000983644
  18 -7.5 1.49708 0.000935675
  19 -6.5 1.19253 0.000745331
  20 -5.5 0.51486 0.000321787
  21 -4.5 0.02942 1.83875e-05
  22 -3.5 0.00239 1.49375e-06
  23 -2.5 0.00091 5.6875e-07
  24 -1.5 0.00116 7.25e-07
  25 -0.5 0.0008 5e-07
  26 0.5 0.00068 4.25e-07
  27 1.5 0.00387 2.41875e-06
  28 2.5 0.00338 2.1125e-06
  29 3.5 0.00218 1.3625e-06
  30 4.5 0.01861 1.16312e-05
  31 5.5 0.4686 0.000292875
  32 6.5 1.07674 0.000672962
  33 7.5 1.30362 0.000814762
  34 8.5 1.3506 0.000844125
  35 9.5 1.4076 0.00087975
  36 10.5 1.31958 0.000824737
  37 11.5 1.36994 0.000856213
  38 12.5 1.40405 0.000877531
  39 13.5 1.39943 0.000874644
  40 14.5 1.4266 0.000891625
  41 15.5 1.51707 0.000948169
  42 16.5 1.57581 0.000984881
  43 17.5 1.53357 0.000958481
  44 18.5 1.47245 0.000920281
  45 19.5 1.42627 0.000891419
  46 20.5 1.49454 0.000934087
  47 21.5 1.52681 0.000954256
  48 22.5 1.52814 0.000955088
  49 23.5 1.536 0.00096
  50 24.5 1.51729 0.000948306
6000000 50 60
  1 -24.5 1.6673 0.00104206
  2 -23.5 1.6996 0.00106225
  3 -22.5 1.62996 0.00101873
  4 -21.5 1.6091 0.00100569
  5 -20.5 1.61141 0.00100713
  6 -19.5 1.62989 0.00101868
  7 -18.5 1.65185 0.00103241
  8 -17.5 1.6373 0.00102331
  9 -16.5 1.62274 0.00101421
  10 -15.5 1.5625 0.000976562
  11 -14.5 1.64419 0.00102762
  12 -13.5 1.61993 0.00101246
  13 -12.5 1.57556 0.000984725
  14 -11.5 1.62719 0.00101699
  15 -10.5 1.73274 0.00108296
  16 -9.5 1.71845 0.00107403
  17 -8.5 1.75584 0.0010974
  18 -7.5 1.75929 0.00109956
  19 -6.5 1.4134 0.000883375
  20 -5.5 0.61147 0.000382169
  21 -4.5 0.04812 3.0075e-05
  22 -3.5 0.02602 1.62625e-05
  23 -2.5 0.01657 1.03563e-05
  24 -1.5 0.01001 6.25625e-06
  25 -0.5 0.0089 5.5625e-06
  26 0.5 0.01062 6.6375e-06
  27 1.5 0.00752 4.7e-06
  28 2.5 0.01452 9.075e-06
  29 3.5 0.01422 8.8875e-06
  30 4.5 0.02035 1.27188e-05
  31 5.5 0.33078 0.000206737
  32 6.5 0.75909 0.000474431
  33 7.5 0.97494 0.000609338
  34 8.5 1.04019 0.000650119
  35 9.5 1.18132 0.000738325
  36 10.5 1.25074 0.000781713
  37 11.5 1.32344 0.00082715
  38 12.5 1.36798 0.000854988
  39 13.5 1.46011 0.000912569
  40 14.5 1.48831 0.000930194
  41 15.5 1.56018 0.000975113
  42 16.5 1.64237 0.00102648
  43 17.5 1.63906 0.00102441
  44 18.5 1.66082 0.00103801
  45 19.5 1.65786 0.00103616
  46 20.5 1.65266 0.00103291
  47 21.5 1.81436 0.00113397
  48 22.5 1.84045 0.00115028
  49 23.5 1.76175 0.00110109
  50 24.5 1.63703 0.00102314
7000000 50 60
  1 -24.5 1.75146 0.00109466
  2 -23.5 1.77821 0.00111138
  3 -22.5 1.70195 0.00106372
  4 -21.5 1.62814 0.00101759
  5 -20.5 1.72091 0.00107557
  6 -19.5 1.66582 0.00104114
  7 -18.5 1.60374 0.00100234
  8 -17.5 1.50227 0.000938919
  9 -16.5 1.5872 0.000992
  10 -15.5 1.68736 0.0010546
  11 -14.5 1.63625 0.00102266
  12 -13.5 1.6238 0.00101487
  13 -12.5 1.59888 0.0009993
  14 -11.5 1.44603 0.000903769
  15 -10.5 1.35948 0.000849675
  16 -9.5 1.38097 0.000863106
  17 -8.5 1.24841 0.000780256
  18 -7.5 1.07501 0.000671881
  19 -6.5 0.79084 0.000494275
  20 -5.5 0.34371 0.000214819
  21 -4.5 0.02566 1.60375e-05
  22 -3.5 0.01213 7.58125e-06
  23 -2.5 0.01173 7.33125e-06
  24 -1.5 0.00585 3.65625e-06
  25 -0.5 0.00097 6.0625e-07
  26 0.5 0 0
  27 1.5 0.00171 1.06875e-06
  28 2.5 0.00541 3.38125e-06
  29 3.5 0.01055 6.59375e-06
  30 4.5 0.0281 1.75625e-05
  31 5.5 0.52099 0.000325619
  32 6.5 1.09235 0.000682719
  33 7.5 1.38685 0.000866781
  34 8.5 1.53502 0.000959387
  35 9.5 1.55 0.00096875
  36 10.5 1.58374 0.000989838
  37 11.5 1.60298 0.00100186
  38 12.5 1.54335 0.000964594
  39 13.5 1.56674 0.000979213
  40 14.5 1.67959 0.00104974
  41 15.5 1.6704 0.001044
  42 16.5 1.67745 0.00104841
  43 17.5 1.70537 0.00106586
  44 18.5 1.68236 0.00105147
  45 19.5 1.58547 0.000990919
  46 20.5 1.63818 0.00102386
  47 21.5 1.65423 0.00103389
  48 22.5 1.74243 0.00108902
  49 23.5 1.68508 0.00105317
  50 24.5 1.66487 0.00104054
8000000 50 60
  1 -24.5 1.58541 0.000990881
  2 -23.5 1.50125 0.000938281
  3 -22.5 1.48786 0.000929912
  4 -21.5 1.4993 0.000937062
  5 -20.5 1.505 0.000940625
  6 -19.5 1.54168 0.00096355
  7 -18.5 1.61601 0.00101001
  8 -17.5 1.70522 0.00106576
  9 -16.5 1.6685 0.00104281
  10 -15.5 1.6602 0.00103763
  11 -14.5 1.68084 0.00105052
  12 -13.5 1.72804 0.00108003
  13 -12.5 1.66792 0.00104245
  14 -11.5 1.62799 0.00101749
  15 -10.5 1.61413 0.00100883
  16 -9.5 1.58918 0.000993238
  17 -8.5 1.36961 0.000856006
  18 -7.5 1.19487 0.000746794
  19 -6.5 0.93422 0.000583888
  20 -5.5 0.41314 0.000258212
  21 -4.5 0.03552 2.22e-05
  22 -3.5 0.00713 4.45625e-06
  23 -2.5 0.00093 5.8125e-07
  24 -1.5 4e-05 2.5e-08
  25 -0.5 0 0
  26 0.5 0.00181 1.13125e-06
  27 1.5 0.00435 2.71875e-06
  28 2.5 0.00539 3.36875e-06
  29 3.5 0.01529 9.55625e-06
  30 4.5 0.03622 2.26375e-05
  31 5.5 0.42362 0.000264762
  32 6.5 1.07541 0.000672131
  33 7.5 1.34931 0.000843319
  34 8.5 1.4988 0.00093675
  35 9.5 1.47949 0.000924681
  36 10.5 1.52492 0.000953075
  37 11.5 1.55555 0.000972219
  38 12.5 1.63423 0.00102139
  39 13.5 1.58242 0.000989013
  40 14.5 1.65329 0.00103331
  41 15.5 1.76492 0.00110308
  42 16.5 1.76415 0.00110259
  43 17.5 1.66906 0.00104316
  44 18.5 1.56288 0.0009768
  45 19.5 1.5386 0.000961625
  46 20.5 1.56833 0.000980206
  47 21.5 1.62623 0.00101639
  48 22.5 1.66136 0.00103835
  49 23.5 1.67238 0.00104524
  50 24.5 1.698 0.00106125
9000000 50 60.00000000000001
  1 -24.5 1.61911 0.00101194
  2 -23.5 1.58659 0.000991619
  3 -22.5 1.60505 0.00100316
  4 -21.5 1.658 0.00103625
  5 -20.5 1.68771 0.00105482
  6 -19.5 1.72482 0.00107801
  7 -18.5 1.72647 0.00107904
  8 -17.5 1.70382 0.00106489
  9 -16.5 1.75511 0.00109694
  10 -15.5 1.76582 0.00110364
  11 -14.5 1.78019 0.00111262
  12 -13.5 1.91411 0.00119632
  13 -12.5 1.76903 0.00110564
  14 -11.5 1.74276 0.00108923
  15 -10.5 1.77135 0.00110709
  16 -9.5 1.72335 0.00107709
  17 -8.5 1.63744 0.0010234
  18 -7.5 1.47878 0.000924238
  19 -6.5 1.12858 0.000705362
  20 -5.5 0.45966 0.000287288
  21 -4.5 0.03162 1.97625e-05
  22 -3.5 0.00375 2.34375e-06
  23 -2.5 0.00057 3.5625e-07
  24 -1.5 0 0
  25 -0.5 0 0
  26 0.5 0 0
  27 1.5 0.00102 6.375e-07
  28 2.5 0.00267 1.66875e-06
  29 3.5 0.00466 2.9125e-06
  30 4.5 0.02569 1.60563e-05
  31 5.5 0.44211 0.000276319
  32 6.5 0.99917 0.000624481
  33 7.5 1.29858 0.000811612
  34 8.5 1.34512 0.0008407
  35 9.5 1.36264 0.00085165
  36 10.5 1.38788 0.000867425
  37 11.5 1.3976 0.0008735
  38 12.5 1.40675 0.000879219
  39 13.5 1.47071 0.000919194
  40 14.5 1.48464 0.0009279
  41 15.5 1.54549 0.000965931
  42 16.5 1.49786 0.000936162
  43 17.5 1.49922 0.000937013
  44 18.5 1.42936 0.00089335
  45 19.5 1.43034 0.000893962
  46 20.5 1.48527 0.000928294
  47 21.5 1.54883 0.000968019
  48 22.5 1.51501 0.000946881
  49 23.5 1.55416 0.00097135
  50 24.5 1.59153 0.000994706
10000000 50 60
  1 -24.5 1.6369 0.00102306
  2 -23.5 1.57351 0.000983444
  3 -22.5 1.47902 0.000924387
  4 -21.5 1.46931 0.000918319
  5 -20.5 1.53806 0.000961287
  6 -19.5 1.46288 0.0009143
  7 -18.5 1.42842 0.000892763
  8 -17.5 1.47981 0.000924881
  9 -16.5 1.48207 0.000926294
  10 -15.5 1.57001 0.000981256
  11 -14.5 1.55005 0.000968781
  12 -13.5 1.53357 0.000958481
  13 -12.5 1.58796 0.000992475
  14 -11.5 1.60626 0.00100391
  15 -10.5 1.50598 0.000941237
  16 -9.5 1.4771 0.000923187
  17 -8.5 1.46457 0.000915356
  18 -7.5 1.37359 0.000858494
  19 -6.5 1.04642 0.000654012
  20 -5.5 0.46154 0.000288463
  21 -4.5 0.03079 1.92438e-05
  22 -3.5 0.00798 4.9875e-06
  23 -2.5 0.00606 3.7875e-06
  24 -1.5 0.00015 9.375e-08
  25 -0.5 0 0
  26 0.5 0 0
  27 1.5 0.0001 6.25e-08
  28 2.5 0.00211 1.31875e-06
  29 3.5 0.00607 3.79375e-06
  30 4.5 0.0246 1.5375e-05
  31 5.5 0.44136 0.00027585
  32 6.5 1.07874 0.000674213
  33 7.5 1.31306 0.000820662
  34 8.5 1.47783 0.000923644
  35 9.5 1.6005 0.00100031
  36 10.5 1.61417 0.00100886
  37 11.5 1.68317 0.00105198
  38 12.5 1.71901 0.00107438
  39 13.5 1.69597 0.00105998
  40 14.5 1.62978 0.00101861
  41 15.5 1.72877 0.00108048
  42 16.5 1.67673 0.00104796
  43 17.5 1.6906 0.00105662
  44 18.5 1.59736 0.00099835
  45 19.5 1.63696 0.0010231
  46 20.5 1.68802 0.00105501
  47 21.5 1.74635 0.00109147
  48 22.5 1.77606 0.00111004
  49 23.5 1.74777 0.00109236
  50 24.5 1.6529 0.00103306
