# Time-averaged data for fix myat3
# TimeStep v_position_piston_left
0 -25.951
1000 -26.0237
2000 -25.9037
3000 -25.9036
4000 -25.9356
5000 -26.0095
6000 -25.9305
7000 -26.0159
8000 -26.0045
9000 -26.0989
10000 -26.1622
11000 -26.1481
12000 -26.1007
13000 -26.0906
14000 -26.1141
15000 -26.0589
16000 -26.0265
17000 -26.0343
18000 -26.0279
19000 -25.9478
20000 -25.9566
21000 -25.8799
22000 -25.9309
23000 -25.9136
24000 -25.8537
25000 -25.8154
26000 -25.7757
27000 -25.874
28000 -25.7858
29000 -25.7582
30000 -25.7815
31000 -25.8237
32000 -25.7284
33000 -25.848
34000 -25.8273
35000 -25.7235
36000 -25.7264
37000 -25.6773
38000 -25.6883
39000 -25.7569
40000 -25.6881
41000 -25.654
42000 -25.7911
43000 -25.8311
44000 -25.7567
45000 -25.7947
46000 -25.7609
47000 -25.7491
48000 -25.6356
49000 -25.6406
50000 -25.5982
51000 -25.4888
52000 -25.5142
53000 -25.568
54000 -25.5693
55000 -25.5199
56000 -25.4949
57000 -25.4201
58000 -25.441
59000 -25.4526
60000 -25.4212
61000 -25.222
62000 -25.2917
63000 -25.334
64000 -25.3875
65000 -25.3613
66000 -25.5097
67000 -25.5324
68000 -25.4828
69000 -25.4598
70000 -25.4779
71000 -25.6247
72000 -25.5908
73000 -25.5786
74000 -25.631
75000 -25.6148
76000 -25.5956
77000 -25.5895
78000 -25.5913
79000 -25.5445
80000 -25.4823
81000 -25.4199
82000 -25.4936
83000 -25.5024
84000 -25.5432
85000 -25.496
86000 -25.3454
87000 -25.261
88000 -25.3744
89000 -25.5388
90000 -25.4477
91000 -25.4578
92000 -25.3005
93000 -25.3494
94000 -25.2458
95000 -25.2927
96000 -25.3094
97000 -25.3123
98000 -25.3004
99000 -25.1954
100000 -25.1477
101000 -25.1118
102000 -25.2393
103000 -25.1056
104000 -25.1374
105000 -24.9895
106000 -25.0361
107000 -25.0971
108000 -25.079
109000 -25.1742
110000 -25.1076
111000 -25.069
112000 -24.9726
113000 -24.9922
114000 -24.9607
115000 -25.0435
116000 -25.0568
117000 -25.0056
118000 -24.9891
119000 -24.9058
120000 -24.9678
121000 -25.0057
122000 -24.9888
123000 -25.1897
124000 -25.2163
125000 -25.2419
126000 -25.3913
127000 -25.3857
128000 -25.2786
129000 -25.241
130000 -25.1447
131000 -25.119
132000 -25.0974
133000 -25.1213
134000 -25.0638
135000 -25.1079
136000 -25.0866
137000 -25.2434
138000 -25.2287
139000 -25.1451
140000 -25.1106
141000 -25.0164
142000 -24.9907
143000 -25.042
144000 -25.0862
145000 -25.0929
146000 -25.0618
147000 -25.0963
148000 -25.16
149000 -25.1124
150000 -25.2114
151000 -25.099
152000 -25.2167
153000 -25.2004
154000 -25.1771
155000 -25.1172
156000 -25.0848
157000 -25.1517
158000 -25.0453
159000 -25.0954
160000 -25.2054
161000 -25.1221
162000 -24.9925
163000 -24.9903
164000 -25.0371
165000 -25.0026
166000 -24.9731
167000 -24.9579
168000 -25.0015
169000 -24.8704
170000 -25.0058
171000 -24.9956
172000 -24.9765
173000 -24.8975
174000 -24.9424
175000 -24.9929
176000 -25.0331
177000 -24.9493
178000 -24.9776
179000 -25.0611
180000 -25.0921
181000 -25.1479
182000 -25.0694
183000 -25.0019
184000 -25.1251
185000 -24.9706
186000 -25.0182
187000 -25.0718
188000 -25.0861
189000 -25.1374
190000 -25.0993
191000 -25.1401
192000 -25.1751
193000 -25.1836
194000 -25.1975
195000 -25.1409
196000 -25.1055
197000 -25.1814
198000 -25.1643
199000 -25.1944
200000 -25.3011
201000 -25.2023
202000 -25.2449
203000 -25.2356
204000 -25.1616
205000 -25.2751
206000 -25.3167
207000 -25.3094
208000 -25.2933
209000 -25.3417
210000 -25.2538
211000 -25.2739
212000 -25.1763
213000 -25.382
214000 -25.26
215000 -25.3104
216000 -25.379
217000 -25.5194
218000 -25.5365
219000 -25.4651
220000 -25.5654
221000 -25.4147
222000 -25.3478
223000 -25.3579
224000 -25.3948
225000 -25.3307
226000 -25.3068
227000 -25.3413
228000 -25.2866
229000 -25.2337
230000 -25.2219
231000 -25.2723
232000 -25.2973
233000 -25.3037
234000 -25.2864
235000 -25.2252
236000 -25.26
237000 -25.2647
238000 -25.3584
239000 -25.3855
240000 -25.2669
241000 -25.2462
242000 -25.2613
243000 -25.2602
244000 -25.2395
245000 -25.2385
246000 -25.2267
247000 -25.244
248000 -25.1873
249000 -25.2709
250000 -25.3479
251000 -25.3595
252000 -25.3264
253000 -25.3292
254000 -25.3818
255000 -25.3564
256000 -25.3591
257000 -25.4307
258000 -25.5322
259000 -25.4731
260000 -25.597
261000 -25.5507
262000 -25.4932
263000 -25.4799
264000 -25.5044
265000 -25.3905
266000 -25.3476
267000 -25.3585
268000 -25.4052
269000 -25.3969
270000 -25.4873
271000 -25.484
272000 -25.4335
273000 -25.3611
274000 -25.2163
275000 -25.1527
276000 -25.2477
277000 -25.2958
278000 -25.4022
279000 -25.3886
280000 -25.3665
281000 -25.558
282000 -25.5724
283000 -25.4098
284000 -25.5726
285000 -25.499
286000 -25.5663
287000 -25.5555
288000 -25.5484
289000 -25.532
290000 -25.5926
291000 -25.4991
292000 -25.5089
293000 -25.6036
294000 -25.4101
295000 -25.4997
296000 -25.4266
297000 -25.4847
298000 -25.3878
299000 -25.4441
300000 -25.5349
301000 -25.5164
302000 -25.5452
303000 -25.6157
304000 -25.5513
305000 -25.6144
306000 -25.4891
307000 -25.5618
308000 -25.7616
309000 -25.8158
310000 -25.8323
311000 -25.8359
312000 -25.8278
313000 -25.7411
314000 -25.7872
315000 -25.7725
316000 -25.7514
317000 -25.7765
318000 -25.7697
319000 -25.7728
320000 -25.7915
321000 -25.8192
322000 -25.7965
323000 -25.8854
324000 -25.7331
325000 -25.7337
326000 -25.8027
327000 -25.7028
328000 -25.6729
329000 -25.5937
330000 -25.559
331000 -25.4899
332000 -25.6061
333000 -25.6113
334000 -25.6324
335000 -25.5954
336000 -25.7076
337000 -25.7638
338000 -25.7591
339000 -25.7868
340000 -25.7896
341000 -25.8009
342000 -25.7968
343000 -25.8459
344000 -25.8606
345000 -25.8637
346000 -25.867
347000 -25.8663
348000 -25.8428
349000 -25.8852
350000 -25.9793
351000 -25.9271
352000 -25.8991
353000 -25.8802
354000 -25.8582
355000 -25.7879
356000 -25.7872
357000 -25.8244
358000 -25.8218
359000 -25.9436
360000 -25.8955
361000 -25.9614
362000 -25.9766
363000 -25.9359
364000 -25.8992
365000 -25.8967
366000 -25.9254
367000 -25.8484
368000 -25.8336
369000 -25.8302
370000 -25.7583
371000 -25.7037
372000 -25.6915
373000 -25.7219
374000 -25.8605
375000 -25.7274
376000 -25.6803
377000 -25.6808
378000 -25.7368
379000 -25.7265
380000 -25.7131
381000 -25.7138
382000 -25.8425
383000 -25.8331
384000 -25.7437
385000 -25.7769
386000 -25.7722
387000 -25.7011
388000 -25.6806
389000 -25.7214
390000 -25.6022
391000 -25.6774
392000 -25.7367
393000 -25.6978
394000 -25.5435
395000 -25.5886
396000 -25.5725
397000 -25.5123
398000 -25.5279
399000 -25.4447
400000 -25.3997
401000 -25.3656
402000 -25.3651
403000 -25.3589
404000 -25.3698
405000 -25.4065
406000 -25.2839
407000 -25.2745
408000 -25.2036
409000 -25.2975
410000 -25.2509
411000 -25.2189
412000 -25.2675
413000 -25.3278
414000 -25.3397
415000 -25.2036
416000 -25.3375
417000 -25.2469
418000 -25.2019
419000 -25.2651
420000 -25.246
421000 -25.1817
422000 -25.3686
423000 -25.2915
424000 -25.3584
425000 -25.2891
426000 -25.3637
427000 -25.3999
428000 -25.3057
429000 -25.358
430000 -25.3283
431000 -25.4664
432000 -25.4617
433000 -25.5442
434000 -25.5333
435000 -25.5803
436000 -25.6639
437000 -25.7028
438000 -25.785
439000 -25.7877
440000 -25.7886
441000 -25.7527
442000 -25.7887
443000 -25.7192
444000 -25.6075
445000 -25.6761
446000 -25.6287
447000 -25.6871
448000 -25.5477
449000 -25.483
450000 -25.6215
451000 -25.684
452000 -25.6412
453000 -25.6634
454000 -25.601
455000 -25.721
456000 -25.762
457000 -25.8452
458000 -25.9444
459000 -25.973
460000 -25.911
461000 -25.9077
462000 -25.8667
463000 -25.7989
464000 -25.8322
465000 -25.8526
466000 -25.8404
467000 -25.8407
468000 -25.8531
469000 -25.9658
470000 -25.9396
471000 -26.0203
472000 -26.0617
473000 -26.0114
474000 -26.0467
475000 -25.9195
476000 -25.9696
477000 -26.0144
478000 -25.9772
479000 -25.9132
480000 -25.8102
481000 -25.8272
482000 -25.7988
483000 -25.7382
484000 -25.7405
485000 -25.7754
486000 -25.7905
487000 -25.7204
488000 -25.7827
489000 -25.7773
490000 -25.6044
491000 -25.5565
492000 -25.5365
493000 -25.4698
494000 -25.5627
495000 -25.5904
496000 -25.5302
497000 -25.5946
498000 -25.6052
499000 -25.621
500000 -25.6287
501000 -25.6194
502000 -25.6788
503000 -25.5928
504000 -25.5944
505000 -25.6098
506000 -25.7293
507000 -25.613
508000 -25.6746
509000 -25.6048
510000 -25.5544
511000 -25.5835
512000 -25.5942
513000 -25.5765
514000 -25.6783
515000 -25.6637
516000 -25.7027
517000 -25.6729
518000 -25.6018
519000 -25.7082
520000 -25.6978
521000 -25.6947
522000 -25.7067
523000 -25.6944
524000 -25.7614
525000 -25.7203
526000 -25.754
527000 -25.6387
528000 -25.6769
529000 -25.5683
530000 -25.4859
531000 -25.4758
532000 -25.5107
533000 -25.3135
534000 -25.3225
535000 -25.3789
536000 -25.4162
537000 -25.3615
538000 -25.4624
539000 -25.3863
540000 -25.3528
541000 -25.5405
542000 -25.5709
543000 -25.4977
544000 -25.5568
545000 -25.5455
546000 -25.5095
547000 -25.5218
548000 -25.5362
549000 -25.4719
550000 -25.3649
551000 -25.4166
552000 -25.2869
553000 -25.3177
554000 -25.3596
555000 -25.3992
556000 -25.3879
557000 -25.4777
558000 -25.4315
559000 -25.4791
560000 -25.5029
561000 -25.4292
562000 -25.4966
563000 -25.5448
564000 -25.5106
565000 -25.4211
566000 -25.4298
567000 -25.293
568000 -25.3663
569000 -25.4627
570000 -25.4218
571000 -25.4187
572000 -25.3945
573000 -25.4656
574000 -25.3253
575000 -25.361
576000 -25.2729
577000 -25.3471
578000 -25.3607
579000 -25.4519
580000 -25.3485
581000 -25.3721
582000 -25.3376
583000 -25.4404
584000 -25.4783
585000 -25.5326
586000 -25.6149
587000 -25.5881
588000 -25.546
589000 -25.475
590000 -25.4535
591000 -25.4495
592000 -25.46
593000 -25.6019
594000 -25.5072
595000 -25.5847
596000 -25.4489
597000 -25.5952
598000 -25.5451
599000 -25.5729
600000 -25.6114
601000 -25.6772
602000 -25.7428
603000 -25.6495
604000 -25.5778
605000 -25.6507
606000 -25.6513
607000 -25.6529
608000 -25.6188
609000 -25.6181
610000 -25.7283
611000 -25.6125
612000 -25.5768
613000 -25.5244
614000 -25.4612
615000 -25.4359
616000 -25.3649
617000 -25.4265
618000 -25.4131
619000 -25.5341
620000 -25.3973
621000 -25.4253
622000 -25.4458
623000 -25.5416
624000 -25.641
625000 -25.6917
626000 -25.6721
627000 -25.6697
628000 -25.5988
629000 -25.7297
630000 -25.6394
631000 -25.6657
632000 -25.6532
633000 -25.634
634000 -25.5143
635000 -25.5571
636000 -25.5834
637000 -25.5293
638000 -25.5476
639000 -25.6415
640000 -25.6003
641000 -25.5388
642000 -25.4341
643000 -25.5851
644000 -25.5257
645000 -25.2644
646000 -25.4317
647000 -25.5261
648000 -25.4818
649000 -25.4249
650000 -25.4912
651000 -25.5123
652000 -25.5099
653000 -25.5016
654000 -25.4937
655000 -25.4266
656000 -25.5054
657000 -25.5786
658000 -25.6558
659000 -25.6542
660000 -25.7276
661000 -25.6648
662000 -25.6639
663000 -25.6056
664000 -25.6667
665000 -25.6551
666000 -25.6131
667000 -25.5328
668000 -25.5562
669000 -25.5885
670000 -25.6384
671000 -25.6344
672000 -25.5711
673000 -25.6806
674000 -25.6929
675000 -25.6246
676000 -25.6789
677000 -25.7
678000 -25.8081
679000 -25.7136
680000 -25.7934
681000 -25.8012
682000 -25.8325
683000 -25.8181
684000 -25.8727
685000 -25.8091
686000 -25.937
687000 -25.874
688000 -25.9147
689000 -25.8533
690000 -25.7589
691000 -25.8532
692000 -25.8302
693000 -25.9052
694000 -25.8791
695000 -25.9259
696000 -25.9202
697000 -26.0068
698000 -25.8828
699000 -25.8652
700000 -25.9874
701000 -25.8336
702000 -25.8852
703000 -25.7683
704000 -25.7506
705000 -25.7817
706000 -25.7577
707000 -25.7188
708000 -25.6355
709000 -25.6814
710000 -25.7211
711000 -25.7832
712000 -25.7314
713000 -25.7545
714000 -25.6784
715000 -25.7888
716000 -25.8525
717000 -25.8579
718000 -25.7848
719000 -25.8097
720000 -25.8482
721000 -26.0236
722000 -25.998
723000 -26.1111
724000 -26.2593
725000 -26.2162
726000 -26.2647
727000 -26.2206
728000 -26.1672
729000 -26.2168
730000 -26.3098
731000 -26.1304
732000 -26.2239
733000 -26.1716
734000 -26.1995
735000 -26.1584
736000 -26.08
737000 -26.0672
738000 -25.9604
739000 -26.0257
740000 -25.8211
741000 -25.7735
742000 -25.77
743000 -25.74
744000 -25.621
745000 -25.6008
746000 -25.697
747000 -25.8029
748000 -25.734
749000 -25.8258
750000 -25.8308
751000 -25.8969
752000 -25.9351
753000 -25.8698
754000 -25.8739
755000 -25.8109
756000 -25.9245
757000 -25.8459
758000 -25.8335
759000 -25.8026
760000 -25.8112
761000 -25.7146
762000 -25.7834
763000 -25.9222
764000 -25.9036
765000 -25.9875
766000 -25.9634
767000 -25.9851
768000 -26.0342
769000 -25.7728
770000 -25.8538
771000 -25.8988
772000 -25.7891
773000 -25.7437
774000 -25.8363
775000 -25.7895
776000 -25.7445
777000 -25.738
778000 -25.7576
779000 -25.7678
780000 -25.8744
781000 -25.8238
782000 -25.8388
783000 -25.8614
784000 -25.9473
785000 -26.0208
786000 -25.8487
787000 -25.8675
788000 -25.7949
789000 -25.7095
790000 -25.7154
791000 -25.6403
792000 -25.6455
793000 -25.588
794000 -25.6057
795000 -25.5614
796000 -25.5264
797000 -25.7059
798000 -25.7583
799000 -25.7391
800000 -25.759
801000 -25.7383
802000 -25.6989
803000 -25.754
804000 -25.6834
805000 -25.638
806000 -25.5992
807000 -25.6735
808000 -25.5595
809000 -25.5554
810000 -25.5852
811000 -25.4773
812000 -25.6051
813000 -25.4751
814000 -25.5775
815000 -25.6194
816000 -25.5176
817000 -25.4688
818000 -25.5112
819000 -25.4965
820000 -25.5999
821000 -25.6113
822000 -25.6972
823000 -25.7737
824000 -25.8635
825000 -25.7858
826000 -25.9366
827000 -25.974
828000 -26.0248
829000 -26.0334
830000 -25.9564
831000 -26.1109
832000 -26.1002
833000 -25.976
834000 -25.9484
835000 -25.9185
836000 -25.8987
837000 -26.0112
838000 -26.0833
839000 -25.9477
840000 -25.8852
841000 -25.8242
842000 -25.6815
843000 -25.7687
844000 -25.9048
845000 -25.8442
846000 -25.9885
847000 -25.9855
848000 -25.983
849000 -25.9922
850000 -26.0166
851000 -26.0232
852000 -25.9891
853000 -25.9504
854000 -25.8912
855000 -26.0329
856000 -26.0155
857000 -25.9314
858000 -25.879
859000 -25.9676
860000 -25.8845
861000 -25.8594
862000 -25.7287
863000 -25.6128
864000 -25.5685
865000 -25.58
866000 -25.6489
867000 -25.5913
868000 -25.6101
869000 -25.6731
870000 -25.7619
871000 -25.7872
872000 -25.7167
873000 -25.788
874000 -25.7474
875000 -25.7771
876000 -25.8473
877000 -25.7804
878000 -25.7683
879000 -25.7839
880000 -25.9094
881000 -25.808
882000 -25.9483
883000 -25.889
884000 -25.8128
885000 -25.8471
886000 -25.8178
887000 -25.8668
888000 -25.9451
889000 -25.9643
890000 -25.9734
891000 -25.9246
892000 -25.8748
893000 -26.0124
894000 -26.0577
895000 -26.0015
896000 -26.023
897000 -26.0342
898000 -26.0963
899000 -26.1
900000 -26.0543
901000 -26.0469
902000 -25.9057
903000 -25.9383
904000 -25.9589
905000 -26.0543
906000 -26.0737
907000 -26.0088
908000 -25.8968
909000 -25.9025
910000 -25.8402
911000 -25.756
912000 -25.6751
913000 -25.8363
914000 -25.885
915000 -25.8307
916000 -25.8799
917000 -25.933
918000 -25.9099
919000 -25.9701
920000 -25.8622
921000 -26.0106
922000 -25.9311
923000 -25.8505
924000 -25.6923
925000 -25.8026
926000 -25.8903
927000 -25.8263
928000 -25.8863
929000 -25.8741
930000 -26.0121
931000 -25.8709
932000 -25.9348
933000 -26.0406
934000 -26.0175
935000 -26.2259
936000 -26.1393
937000 -25.9973
938000 -25.9295
939000 -25.9666
940000 -25.9824
941000 -25.9911
942000 -25.896
943000 -25.931
944000 -25.9646
945000 -26.0226
946000 -25.9714
947000 -26.0806
948000 -26.0754
949000 -26.1169
950000 -26.0873
951000 -26.2331
952000 -26.186
953000 -26.1633
954000 -26.1342
955000 -26.0547
956000 -26.0166
957000 -25.9256
958000 -25.9398
959000 -26.0442
960000 -25.8926
961000 -25.955
962000 -26.0845
963000 -26.0903
964000 -26.1636
965000 -26.1794
966000 -26.1245
967000 -26.1877
968000 -25.9688
969000 -25.8817
970000 -25.9171
971000 -25.8811
972000 -25.8977
973000 -25.9048
974000 -25.8862
975000 -25.7175
976000 -25.7738
977000 -25.7229
978000 -25.8279
979000 -25.838
980000 -25.8519
981000 -25.7939
982000 -25.7998
983000 -25.9237
984000 -25.9514
985000 -26.0817
986000 -26.179
987000 -26.1576
988000 -26.1372
989000 -26.0806
990000 -26.1235
991000 -26.1156
992000 -26.0573
993000 -25.9927
994000 -25.9176
995000 -25.9107
996000 -25.816
997000 -25.8646
998000 -25.8351
999000 -25.7706
1000000 -25.8633
