# Time-averaged data for fix myat1
# TimeStep v_solvent_right
0 550
1000 557
2000 548
3000 553
4000 553
5000 550
6000 545
7000 548
8000 549
9000 545
10000 548
11000 548
12000 551
13000 554
14000 555
15000 556
16000 559
17000 556
18000 559
19000 557
20000 560
21000 560
22000 560
23000 566
24000 560
25000 555
26000 551
27000 552
28000 556
29000 561
30000 557
31000 563
32000 567
33000 563
34000 566
35000 571
36000 563
37000 564
38000 567
39000 562
40000 567
41000 568
42000 571
43000 572
44000 565
45000 566
46000 559
47000 556
48000 558
49000 560
50000 556
51000 556
52000 560
53000 556
54000 553
55000 558
56000 562
57000 560
58000 561
59000 561
60000 557
61000 556
62000 561
63000 564
64000 564
65000 565
66000 561
67000 566
68000 564
69000 563
70000 556
71000 563
72000 559
73000 561
74000 571
75000 568
76000 573
77000 577
78000 574
79000 577
80000 578
81000 579
82000 578
83000 580
84000 581
85000 580
86000 583
87000 581
88000 585
89000 584
90000 586
91000 584
92000 586
93000 591
94000 591
95000 595
96000 591
97000 589
98000 589
99000 594
100000 591
101000 589
102000 588
103000 589
104000 585
105000 589
106000 594
107000 591
108000 593
109000 592
110000 585
111000 589
112000 591
113000 586
114000 589
115000 583
116000 579
117000 578
118000 585
119000 588
120000 587
121000 585
122000 588
123000 591
124000 590
125000 585
126000 588
127000 581
128000 582
129000 584
130000 586
131000 578
132000 580
133000 584
134000 586
135000 586
136000 586
137000 585
138000 587
139000 591
140000 589
141000 589
142000 589
143000 591
144000 588
145000 590
146000 590
147000 592
148000 591
149000 588
150000 586
151000 584
152000 578
153000 588
154000 581
155000 583
156000 586
157000 588
158000 586
159000 586
160000 587
161000 587
162000 595
163000 594
164000 594
165000 597
166000 600
167000 597
168000 597
169000 599
170000 601
171000 608
172000 605
173000 601
174000 602
175000 612
176000 615
177000 612
178000 611
179000 606
180000 610
181000 608
182000 607
183000 609
184000 605
185000 604
186000 599
187000 597
188000 595
189000 599
190000 598
191000 604
192000 599
193000 598
194000 595
195000 592
196000 590
197000 592
198000 591
199000 590
200000 591
201000 590
202000 590
203000 585
204000 590
205000 591
206000 589
207000 589
208000 592
209000 592
210000 592
211000 601
212000 599
213000 600
214000 596
215000 595
216000 593
217000 593
218000 590
219000 585
220000 586
221000 592
222000 594
223000 590
224000 594
225000 590
226000 589
227000 593
228000 593
229000 596
230000 598
231000 592
232000 593
233000 599
234000 595
235000 595
236000 596
237000 590
238000 593
239000 597
240000 597
241000 596
242000 592
243000 594
244000 589
245000 592
246000 592
247000 594
248000 598
249000 592
250000 600
251000 598
252000 602
253000 595
254000 596
255000 590
256000 598
257000 597
258000 594
259000 586
260000 596
261000 592
262000 596
263000 597
264000 599
265000 603
266000 602
267000 595
268000 598
269000 603
270000 598
271000 598
272000 603
273000 603
274000 608
275000 609
276000 609
277000 614
278000 616
279000 615
280000 613
281000 619
282000 617
283000 614
284000 609
285000 613
286000 608
287000 607
288000 607
289000 607
290000 606
291000 605
292000 602
293000 594
294000 600
295000 608
296000 607
297000 613
298000 610
299000 610
300000 615
301000 615
302000 612
303000 610
304000 605
305000 608
306000 608
307000 606
308000 603
309000 611
310000 609
311000 609
312000 602
313000 606
314000 605
315000 612
316000 615
317000 619
318000 617
319000 620
320000 612
321000 615
322000 617
323000 617
324000 607
325000 612
326000 615
327000 615
328000 614
329000 622
330000 618
331000 615
332000 618
333000 620
334000 616
335000 618
336000 614
337000 613
338000 618
339000 613
340000 613
341000 614
342000 611
343000 614
344000 612
345000 612
346000 612
347000 611
348000 614
349000 617
350000 620
351000 623
352000 625
353000 624
354000 622
355000 619
356000 621
357000 623
358000 624
359000 621
360000 620
361000 618
362000 625
363000 633
364000 635
365000 634
366000 635
367000 637
368000 633
369000 632
370000 629
371000 632
372000 630
373000 626
374000 624
375000 625
376000 624
377000 627
378000 618
379000 613
380000 621
381000 616
382000 620
383000 619
384000 625
385000 627
386000 628
387000 624
388000 625
389000 630
390000 632
391000 632
392000 628
393000 625
394000 627
395000 623
396000 625
397000 624
398000 629
399000 627
400000 626
401000 630
402000 632
403000 638
404000 633
405000 631
406000 635
407000 636
408000 637
409000 639
410000 633
411000 636
412000 636
413000 635
414000 638
415000 640
416000 639
417000 638
418000 643
419000 638
420000 639
421000 631
422000 631
423000 626
424000 630
425000 630
426000 629
427000 636
428000 624
429000 627
430000 624
431000 628
432000 630
433000 628
434000 621
435000 620
436000 624
437000 629
438000 625
439000 623
440000 623
441000 619
442000 624
443000 621
444000 628
445000 627
446000 626
447000 625
448000 627
449000 628
450000 629
451000 624
452000 621
453000 627
454000 632
455000 636
456000 636
457000 638
458000 634
459000 642
460000 646
461000 647
462000 651
463000 644
464000 646
465000 645
466000 647
467000 643
468000 638
469000 641
470000 636
471000 634
472000 629
473000 627
474000 623
475000 627
476000 626
477000 626
478000 629
479000 625
480000 629
481000 634
482000 631
483000 627
484000 627
485000 627
486000 627
487000 631
488000 634
489000 629
490000 629
491000 627
492000 634
493000 624
494000 620
495000 623
496000 617
497000 621
498000 616
499000 619
500000 616
501000 622
502000 615
503000 615
504000 614
505000 618
506000 618
507000 622
508000 619
509000 621
510000 624
511000 629
512000 630
513000 626
514000 624
515000 621
516000 628
517000 615
518000 624
519000 623
520000 626
521000 625
522000 627
523000 627
524000 627
525000 631
526000 630
527000 628
528000 618
529000 620
530000 619
531000 626
532000 624
533000 618
534000 621
535000 620
536000 622
537000 622
538000 627
539000 624
540000 629
541000 623
542000 623
543000 619
544000 623
545000 623
546000 621
547000 628
548000 629
549000 629
550000 629
551000 629
552000 625
553000 628
554000 633
555000 632
556000 632
557000 636
558000 638
559000 636
560000 630
561000 631
562000 638
563000 633
564000 630
565000 638
566000 637
567000 640
568000 634
569000 636
570000 639
571000 635
572000 627
573000 630
574000 630
575000 629
576000 625
577000 631
578000 630
579000 627
580000 627
581000 624
582000 630
583000 623
584000 629
585000 633
586000 629
587000 633
588000 634
589000 636
590000 636
591000 639
592000 636
593000 633
594000 629
595000 628
596000 630
597000 626
598000 632
599000 633
600000 633
601000 633
602000 632
603000 634
604000 635
605000 635
606000 635
607000 630
608000 633
609000 632
610000 633
611000 629
612000 628
613000 626
614000 629
615000 631
616000 628
617000 626
618000 628
619000 629
620000 628
621000 625
622000 627
623000 633
624000 637
625000 644
626000 645
627000 638
628000 644
629000 644
630000 642
631000 638
632000 640
633000 633
634000 625
635000 629
636000 631
637000 631
638000 627
639000 626
640000 625
641000 620
642000 628
643000 625
644000 624
645000 628
646000 622
647000 623
648000 621
649000 629
650000 624
651000 628
652000 625
653000 626
654000 628
655000 624
656000 627
657000 628
658000 626
659000 628
660000 630
661000 630
662000 636
663000 631
664000 633
665000 635
666000 637
667000 631
668000 630
669000 632
670000 632
671000 633
672000 638
673000 638
674000 640
675000 639
676000 642
677000 639
678000 632
679000 631
680000 629
681000 632
682000 630
683000 628
684000 631
685000 630
686000 633
687000 626
688000 627
689000 626
690000 629
691000 624
692000 624
693000 627
694000 616
695000 621
696000 617
697000 621
698000 614
699000 617
700000 617
701000 615
702000 619
703000 617
704000 621
705000 620
706000 619
707000 620
708000 622
709000 622
710000 627
711000 625
712000 628
713000 626
714000 631
715000 633
716000 629
717000 629
718000 627
719000 627
720000 628
721000 630
722000 629
723000 630
724000 637
725000 631
726000 632
727000 628
728000 631
729000 628
730000 631
731000 637
732000 638
733000 637
734000 636
735000 633
736000 631
737000 627
738000 623
739000 626
740000 624
741000 623
742000 627
743000 632
744000 629
745000 627
746000 621
747000 624
748000 622
749000 617
750000 617
751000 620
752000 621
753000 620
754000 620
755000 626
756000 625
757000 629
758000 629
759000 628
760000 625
761000 632
762000 630
763000 631
764000 629
765000 620
766000 617
767000 623
768000 626
769000 627
770000 622
771000 626
772000 626
773000 625
774000 621
775000 625
776000 628
777000 630
778000 628
779000 632
780000 631
781000 628
782000 635
783000 632
784000 634
785000 632
786000 624
787000 622
788000 622
789000 622
790000 620
791000 619
792000 609
793000 611
794000 616
795000 619
796000 622
797000 618
798000 611
799000 612
800000 610
801000 604
802000 608
803000 605
804000 607
805000 610
806000 605
807000 608
808000 615
809000 616
810000 619
811000 613
812000 617
813000 616
814000 617
815000 610
816000 613
817000 604
818000 603
819000 605
820000 606
821000 607
822000 599
823000 604
824000 610
825000 612
826000 611
827000 607
828000 609
829000 608
830000 607
831000 605
832000 607
833000 608
834000 605
835000 605
836000 606
837000 607
838000 608
839000 609
840000 609
841000 606
842000 602
843000 602
844000 602
845000 596
846000 596
847000 598
848000 597
849000 593
850000 602
851000 601
852000 603
853000 603
854000 599
855000 607
856000 607
857000 611
858000 607
859000 610
860000 611
861000 617
862000 619
863000 614
864000 609
865000 609
866000 610
867000 603
868000 608
869000 603
870000 603
871000 602
872000 606
873000 603
874000 604
875000 606
876000 607
877000 602
878000 599
879000 594
880000 598
881000 599
882000 597
883000 595
884000 599
885000 602
886000 603
887000 600
888000 598
889000 600
890000 595
891000 599
892000 595
893000 595
894000 598
895000 600
896000 600
897000 605
898000 607
899000 605
900000 609
901000 610
902000 609
903000 614
904000 607
905000 610
906000 606
907000 600
908000 598
909000 607
910000 615
911000 614
912000 615
913000 619
914000 614
915000 619
916000 621
917000 624
918000 624
919000 626
920000 624
921000 623
922000 622
923000 626
924000 624
925000 624
926000 631
927000 628
928000 634
929000 629
930000 628
931000 626
932000 623
933000 628
934000 631
935000 625
936000 628
937000 629
938000 626
939000 626
940000 624
941000 628
942000 626
943000 627
944000 635
945000 631
946000 634
947000 634
948000 630
949000 627
950000 626
951000 628
952000 623
953000 623
954000 621
955000 622
956000 623
957000 624
958000 624
959000 623
960000 627
961000 623
962000 620
963000 624
964000 627
965000 631
966000 631
967000 628
968000 623
969000 627
970000 627
971000 625
972000 618
973000 619
974000 619
975000 615
976000 618
977000 618
978000 621
979000 620
980000 620
981000 627
982000 634
983000 627
984000 630
985000 634
986000 637
987000 631
988000 629
989000 630
990000 632
991000 638
992000 640
993000 640
994000 631
995000 632
996000 635
997000 632
998000 630
999000 627
1000000 625
